Epoch	AverageEpRet	StdEpRet	MaxEpRet	MinEpRet	AverageEpCost	StdEpCost	MaxEpCost	MinEpCost	EpLen	CumulativeCost	CostRate	AverageVVals	StdVVals	MaxVVals	MinVVals	AverageCostVVals	StdCostVVals	MaxCostVVals	MinCostVVals	LossPi	DeltaLossPi	SurrCost	DeltaSurrCost	LossV	DeltaLossV	LossVC	DeltaLossVC	Penalty	DeltaPenalty	StopIter	Entropy	KL	TotalEnvInteracts	Time
0	-1.8101941	1.5462271	-0.3	-8.8	0.47572815	0.49941048	1.0	0.0	24.18932	98.0	0.0196	-0.21678533	0.17375909	0.4280878	-0.64435196	0.81999725	0.3056573	1.2684147	0.059299286	-9.913878e-09	-0.0011710344	-8.559227e-09	-0.0007643597	2.3990116	-1.3507677	0.5155037	-0.40460643	10.0	1.9989624	4.0	1.0749346	0.01899926	5000	487.59666657447815
1	-1.398099	1.1163647	-0.3	-7.6	0.5741445	0.49447203	1.0	0.0	18.958176	249.0	0.0249	-0.84555745	0.68640924	1.0543395	-2.859607	0.33481145	0.2581948	1.0396843	-0.27597132	-4.276871e-09	-0.0031013906	-4.172325e-09	-0.0068305605	0.78589785	-0.21172476	0.17429523	-0.020794556	11.998962	2.1732368	6.0	1.0763675	0.026562393	10000	987.6384110450745
2	-2.8347826	2.3130271	-0.4	-10.0	0.3188406	0.46602708	1.0	0.0	35.760868	293.0	0.019533333333333333	-0.9689992	0.74244165	1.1198457	-3.2941532	0.2086395	0.20613635	0.87950516	-0.26112878	6.0776233e-09	-0.0011108284	5.4836273e-09	-0.0043874453	2.1099858	-0.73148024	0.07792026	-0.01681681	14.172199	1.5064516	6.0	1.0747948	0.021667518	15000	1476.2252509593964
3	-4.584946	3.1167927	-0.4	-10.0	0.21505377	0.41085964	1.0	0.0	53.064518	313.0	0.01565	-1.6750059	1.20057	1.6723133	-4.8178816	0.06318853	0.15562764	0.9798669	-0.30759558	-1.5897765e-09	-0.0013822223	-1.1771918e-09	-0.0034178942	2.9601488	-0.8050909	0.037833635	-0.0061430633	15.678651	1.0675421	6.0	1.0405346	0.018353287	20000	1962.3956191539764
4	-5.9837837	3.1811109	-0.5	-10.0	0.10810811	0.3105169	1.0	0.0	66.824326	321.0	0.01284	-2.5905356	1.3636144	1.3468354	-5.8713403	0.041234106	0.08972805	0.6006694	-0.14162832	-2.3722615e-09	-0.0009914978	-8.225441e-10	-0.00035932325	2.6322393	-0.54716563	0.022311652	-0.0032588076	16.746193	0.63840485	16.0	0.9957925	0.013934207	25000	2434.565269947052
5	-5.2109756	2.726608	-0.7	-10.0	0.17073171	0.37627432	1.0	0.0	59.890244	335.0	0.011166666666666667	-3.148437	1.675034	2.8046877	-7.633247	0.04275538	0.06007034	0.49846438	-0.07657762	-3.6830247e-10	-0.00051544385	3.0994415e-10	0.00028213926	2.371157	-0.41860068	0.03813087	-0.0051468015	17.384598	0.85025024	11.0	0.9757178	0.013656305	30000	2913.4894740581512
6	-3.773148	2.43826	-0.5	-10.0	0.23148148	0.42177927	1.0	0.0	45.87963	360.0	0.010285714285714285	-2.5666206	1.5314682	3.2143521	-6.4356685	0.086156376	0.10260586	0.58971256	-0.1079083	-1.6689393e-09	-0.0012075276	-1.2636184e-09	-0.002262746	2.3036273	-0.5665095	0.055710785	-0.009343922	18.234848	1.2763977	9.0	0.9995186	0.019043414	35000	3402.050813436508
7	-4.639326	2.3605664	-0.4	-10.0	0.06741573	0.2507406	1.0	0.0	56.033707	366.0	0.00915	-2.0246727	1.6487912	3.7956774	-6.183078	0.058423933	0.11289599	0.8061406	-0.21317053	2.4879026e-09	-0.00077109394	3.3974648e-09	-0.0010624679	1.4014442	-0.25188613	0.027334796	-0.010426629	19.511246	0.60666466	13.0	0.9370772	0.012561167	40000	3883.540590286255
8	-4.8639536	2.4462078	-0.6	-10.0	0.046511628	0.21059036	1.0	0.0	57.976746	370.0	0.008222222222222223	-2.2908833	1.6426739	2.526912	-5.7173753	0.030543847	0.07191947	0.75592744	-0.21876161	-3.811934e-11	-0.0010449378	4.7683715e-11	-0.0006489501	1.3751035	-0.32199764	0.01281633	-0.004593581	20.11791	0.28923225	28.0	0.84960353	0.012587579	45000	4368.732579469681
9	-3.8509614	2.1521008	-0.4	-10.0	0.115384616	0.31948552	1.0	0.0	48.028847	382.0	0.00764	-2.118046	1.6740319	2.1423924	-6.119009	0.023997396	0.042316433	0.23933494	-0.07598639	-1.5764304e-09	-0.00089648674	-1.4901161e-09	-0.00084428827	1.3763498	-0.37507403	0.0326588	-0.003189288	20.407143	0.6725273	34.0	0.85397655	0.012264938	50000	4859.748188257217
10	-4.3042107	2.3769028	-0.5	-10.0	0.11578947	0.31997228	1.0	0.0	52.073685	393.0	0.007145454545454545	-2.0432189	1.5822172	1.761483	-6.136604	0.0502075	0.055816393	0.40695822	-0.10526193	1.3585945e-09	-0.000347307	1.5497208e-09	-0.0010977981	1.5197827	-0.21833158	0.040163893	-0.0059463717	21.07967	0.8265457	9.0	0.79139024	0.015198865	55000	5347.63142323494
11	-4.018	2.024173	-0.7	-10.0	0.06	0.23748685	1.0	0.0	49.97	399.0	0.00665	-1.7062902	1.6506664	2.6697059	-6.0809145	0.051760655	0.082970634	0.48607698	-0.10015967	-4.6216767e-10	-0.0010247054	-5.00679e-10	-0.0013965841	1.0644528	-0.19586807	0.01868949	-0.004837553	21.906216	0.52007866	79.0	0.7562508	0.010578203	60000	5832.23082447052
12	-4.6522727	1.9868875	-1.8	-10.0	0.045454547	0.20829889	1.0	0.0	56.397728	403.0	0.0062	-1.9298644	1.5602994	1.3408848	-6.433945	0.017460294	0.041864607	0.3639331	-0.07792567	-1.6553251e-09	-0.00082249846	-2.0608306e-09	-0.00087154435	1.3352666	-0.17174745	0.023473946	-0.004990708	22.426294	0.33627892	79.0	0.75250757	0.008224207	65000	6321.058213472366
13	-4.729884	2.3700776	-0.4	-10.0	0.011494253	0.106593326	1.0	0.0	57.03448	404.0	0.0057714285714285714	-2.426054	1.9228823	1.7369559	-7.9783883	0.03431791	0.061082676	0.39519978	-0.10918117	4.622565e-10	-0.0006122963	1.7881394e-10	-0.0005643443	1.6915356	-0.43222368	0.0062813503	-0.003148141	22.762573	0.08059502	79.0	0.7600802	0.009606725	70000	6806.360633611679
14	-4.2189474	2.0516129	-0.4	-10.0	0.021052632	0.14355981	1.0	0.0	52.37895	406.0	0.005413333333333333	-1.9484758	1.7544476	1.8172803	-7.214373	0.0056933495	0.027957283	0.23423535	-0.05323889	9.445669e-10	-0.00053993234	8.9406965e-10	-0.00035336494	1.273012	-0.34031087	0.010129191	-0.0014070477	22.843168	0.07971573	79.0	0.74931896	0.00820235	75000	7291.216833114624
15	-4.6795454	2.403887	-0.9	-10.0	0.03409091	0.18146272	1.0	0.0	56.170456	409.0	0.0051125	-2.3691769	1.9646487	2.3989377	-8.16281	0.018589634	0.032053642	0.28977886	-0.072802946	8.363739e-11	-0.000711085	1.7881394e-10	-0.00070593663	1.6255928	-0.33437693	0.015718631	-0.0028133607	22.922884	0.20864487	56.0	0.7069606	0.012334107	80000	7777.414002656937
16	-4.3150535	1.9512857	-1.6	-10.0	0.043010753	0.2028813	1.0	0.0	53.322582	413.0	0.004858823529411764	-1.9343289	1.7113911	1.5690612	-6.6678047	0.031214373	0.06218006	0.38060397	-0.12559436	1.1553163e-09	-0.001106047	1.0609627e-09	-0.0014407379	1.1899154	-0.3147201	0.016611394	-0.002212572	23.131529	0.32229996	25.0	0.71952266	0.012859541	85000	8255.756236076355
17	-4.6170454	2.0886176	-1.5	-10.0	0.022727273	0.1490327	1.0	0.0	56.420456	415.0	0.004611111111111111	-2.037804	1.8245581	2.0191593	-7.4066663	0.02929144	0.06370703	0.36490664	-0.09365036	-1.5446146e-10	-0.00069287827	-9.417533e-10	-0.00082889845	1.00619	-0.31984717	0.0107707875	-0.001122416	23.453829	0.18712616	45.0	0.73213065	0.012269625	90000	8732.34288430214
18	-5.0814815	2.4756649	-1.5	-10.0	0.0	0.0	0.0	0.0	60.728394	415.0	0.004368421052631579	-2.1591198	1.8061191	1.2456849	-8.164727	0.021133715	0.047195226	0.28693223	-0.14317644	9.287115e-10	-0.00059127936	3.427267e-10	-0.00014273578	1.3450093	-0.37424898	0.0019391984	-0.0012889751	23.640955	-0.07445717	79.0	0.7372668	0.008320347	95000	9211.308931827545
19	-4.431868	2.145472	-0.3	-10.0	0.032967035	0.17855029	1.0	0.0	54.472527	418.0	0.00418	-2.4421613	2.0176752	2.6531138	-8.965724	0.0046502342	0.021532381	0.14470957	-0.045980565	-1.5446963e-09	-0.00066877215	-6.7949296e-10	-0.00096242654	1.5979227	-1.0301845	0.014232251	-0.0030440316	23.566498	0.19054031	61.0	0.70766646	0.0121207	100000	9681.45201921463
20	-4.1208334	1.8318317	-1.5	-10.0	0.0	0.0	0.0	0.0	51.979168	418.0	0.003980952380952381	-1.7719463	1.6509292	2.1804776	-6.549657	0.01362874	0.04128244	1.0138217	-0.06266309	4.5069118e-10	-0.0004567076	3.9339065e-10	-0.00021699976	0.6455903	-0.26032078	0.0016750939	-0.0015057094	23.757038	-0.04400444	79.0	0.64791083	0.0054190652	105000	10127.279767036438
21	-4.57	2.2328084	-0.7	-10.0	0.055555556	0.22906145	1.0	0.0	55.355556	423.0	0.0038454545454545456	-1.8366641	1.620494	1.6439885	-6.7909203	0.003557367	0.02059606	0.15172566	-0.036799327	9.955864e-10	-0.0003538253	6.67572e-10	-0.0010234789	0.9300048	-0.19574904	0.026001813	-0.0052445885	23.713034	0.41736603	6.0	0.6393601	0.015338376	110000	10572.589748382568
22	-4.659091	2.3134801	-1.1	-10.0	0.0	0.0	0.0	0.0	56.715908	423.0	0.003678260869565217	-1.982104	1.7365849	1.2034243	-8.587626	0.024463495	0.051514544	0.2824996	-0.19664508	-7.9347345e-10	-0.00048640821	-1.1622906e-09	-0.00015740626	0.8892818	-0.15814525	0.0033082268	-0.0030796304	24.1304	0.014297485	79.0	0.6454461	0.0075799837	115000	11015.71807384491
23	-4.607865	2.1817024	-0.4	-10.0	0.033707865	0.18047617	1.0	0.0	55.966293	426.0	0.00355	-2.1111329	1.7312262	1.2817652	-7.1057024	-0.00054634194	0.017228395	0.14691758	-0.06555499	1.3940444e-09	-0.0008433874	1.0251999e-09	-0.0010202593	1.0811446	-0.20846242	0.020221246	-0.003582688	24.144697	0.22070885	79.0	0.6495285	0.010342273	120000	11462.631052017212
24	-4.044898	2.0934846	-0.9	-10.0	0.030612245	0.17226474	1.0	0.0	50.438774	429.0	0.003432	-1.8500974	1.629243	1.7943115	-6.9119086	0.022593148	0.06458027	0.49448925	-0.108502164	-7.7855034e-10	-0.0013371584	-9.983778e-10	-0.0016851543	1.1603281	-0.36635488	0.011139614	-0.0040555988	24.365406	0.29519463	28.0	0.62303966	0.012729503	125000	11912.77373790741
25	-4.6393256	2.5105896	-1.2	-10.0	0.0	0.0	0.0	0.0	56.157303	429.0	0.0033	-2.1633332	1.8344413	1.9741558	-8.192805	0.017871708	0.031005284	0.35972306	-0.078915685	3.1262817e-10	-0.00040460273	-2.3543834e-10	-0.0002707838	1.2492867	-0.27146226	0.0011526549	-0.00093374663	24.6606	-0.051063538	79.0	0.6428352	0.0035286304	130000	12357.507673740387
26	-4.65618	2.6143062	-0.6	-10.0	0.02247191	0.14821242	1.0	0.0	55.955055	431.0	0.003192592592592593	-2.5994966	2.1900618	1.489752	-8.496448	0.0020067822	0.021762397	0.77099544	-0.040946834	-1.1644826e-09	-0.0006463909	-1.0490417e-09	-0.00081468915	1.4404732	-0.58185524	0.010470252	-0.0014293212	24.609537	0.111413956	45.0	0.5940758	0.012832833	135000	12803.959608078003
27	-3.964	2.2636483	-0.9	-10.0	0.01	0.099498756	1.0	0.0	49.76	432.0	0.003085714285714286	-1.8489742	1.9153159	1.8292669	-7.9065847	0.014489434	0.031693663	0.1421559	-0.10771397	6.882607e-10	-0.0005591373	1.4901161e-10	-0.0005266895	0.9527377	-0.3839904	0.003679251	-0.0018125095	24.720951	0.038022995	68.0	0.63613087	0.012332315	140000	13250.345863342285
28	-4.3758245	2.2794514	-0.4	-10.0	0.0	0.0	0.0	0.0	54.153847	432.0	0.0029793103448275864	-2.0513587	1.8157127	1.8184943	-7.1204295	0.007545253	0.034323886	0.57212824	-0.055748243	-1.280614e-11	-0.00064832356	-5.6028365e-10	-0.00056714716	1.3293451	-0.24684751	0.0012253092	-0.0011325204	24.758974	-0.12563133	79.0	0.59536034	0.0076150545	145000	13691.692190408707
29	-4.2180853	2.2559125	-0.7	-10.0	0.010638298	0.10259203	1.0	0.0	52.595745	433.0	0.0028866666666666667	-2.1696472	1.8583628	1.5608989	-7.6619925	-0.0011446903	0.010419256	0.08355021	-0.050270036	-1.3037143e-11	-0.00088119606	-2.2649765e-10	-0.00085030665	0.93976027	-0.4481567	0.0034124146	-0.0015203087	24.633343	-0.029691696	53.0	0.5978811	0.012854904	150000	14135.535362482071
30	-4.2319145	1.8714662	-0.3	-10.0	0.010638298	0.102592036	1.0	0.0	52.851063	434.0	0.0028	-2.017756	1.8992088	1.7481115	-8.476461	0.0026604077	0.027283484	0.42925763	-0.059114084	2.5240343e-10	-0.0007292517	3.5762787e-10	-0.0007949814	0.7738809	-0.2428273	0.00674187	-0.0011518649	24.603651	0.011972427	79.0	0.59618175	0.011446372	155000	14582.006825447083
31	-4.170526	1.764377	-1.3	-10.0	0.010526316	0.10205642	1.0	0.0	52.357895	435.0	0.00271875	-1.851386	2.1384137	2.0550578	-11.508755	0.0081555955	0.021070533	0.12894751	-0.08413751	8.8207674e-10	-0.0006367527	8.404255e-10	-0.00046271214	0.70472896	-0.30890098	0.0065235016	-0.00082083046	24.615623	-0.0011444092	79.0	0.56018007	0.010543885	160000	15028.436115026474
32	-4.0326533	2.0634713	-1.0	-10.0	0.010204081	0.10049855	1.0	0.0	50.877552	436.0	0.0026424242424242426	-1.8146539	1.8338301	1.9702446	-9.057855	0.0076173507	0.022916978	0.12797894	-0.052222814	-4.9833476e-10	-0.00040749818	2.3841857e-11	-0.00018689584	0.75390047	-0.18095183	0.0023126227	-0.0005871863	24.61448	-0.010450363	79.0	0.6222187	0.006044577	165000	15473.704458236694
33	-4.0632653	2.1775002	-0.8	-10.0	0.010204081	0.10049855	1.0	0.0	50.959183	437.0	0.0025705882352941175	-1.7281075	1.6612338	2.03519	-8.60348	0.0021068633	0.012732882	0.09808624	-0.051573254	1.4434476e-10	-0.00052946055	-5.1259996e-10	-0.0002390063	0.581705	-0.13642293	0.0084840525	-0.00090899924	24.604029	-0.018392563	79.0	0.5993847	0.0085265795	170000	15918.946373939514
34	-3.9777772	2.1277177	-1.1	-10.0	0.02020202	0.14069079	1.0	0.0	50.22222	439.0	0.0025085714285714286	-1.8579867	1.7388027	1.9435705	-9.348094	0.009420796	0.023891665	0.095930934	-0.097273	6.898436e-10	-0.0005828292	5.00679e-10	-0.0005731083	0.90975624	-0.2907164	0.004692421	-0.0009947463	24.585636	0.143404	35.0	0.5993004	0.013144553	175000	16362.842199325562
35	-4.476667	2.1015365	-1.3	-10.0	0.033333335	0.17950548	1.0	0.0	55.033333	442.0	0.0024555555555555554	-1.9080813	1.7170111	2.426779	-7.380784	0.011252817	0.02761183	0.23830916	-0.04952085	3.7723602e-11	-0.00085212063	-2.384186e-10	-0.0009976373	0.6478152	-0.28071517	0.01834603	-0.0039147073	24.72904	0.38554764	60.0	0.54315645	0.01221472	180000	16808.70782828331
36	-3.9790003	2.0283637	-0.8	-10.0	0.04	0.1959592	1.0	0.0	49.91	446.0	0.0024108108108108106	-1.7679434	1.7180651	1.386664	-9.023307	0.023461288	0.064752355	0.9669021	-0.064759314	1.8066545e-13	-0.0009459106	-1.66893e-10	-0.0012881699	0.8283955	-0.43208385	0.012641588	-0.0019812249	25.114588	0.55631065	30.0	0.5418611	0.013456302	185000	17255.4481883049
37	-3.8137252	1.8160524	-1.3	-10.0	0.029411765	0.16895771	1.0	0.0	48.705883	449.0	0.002363157894736842	-1.5255942	1.533629	2.1766398	-7.1481786	0.023284402	0.04572766	0.63933605	-0.17102347	-1.5600515e-09	-0.0010077901	-9.2983243e-10	-0.0013156958	0.58411086	-0.21699956	0.012915091	-0.003756105	25.670898	0.43751526	28.0	0.55910486	0.012742533	190000	17700.15948367119
38	-3.7403846	2.064653	-1.0	-10.0	0.057692308	0.23316067	1.0	0.0	47.451923	455.0	0.0023333333333333335	-1.4951893	1.4718319	1.9649704	-5.561667	0.01613964	0.062016875	0.74264646	-0.11217642	1.2767057e-10	-0.0005438162	3.576279e-11	-0.00081012724	0.59174657	-0.18185937	0.012546559	-0.0059044347	26.108414	0.8422222	7.0	0.53647304	0.016940232	195000	18146.79001569748
39	-4.0639176	2.0220017	-0.7	-10.0	0.020618556	0.14210358	1.0	0.0	51.185566	457.0	0.002285	-1.779027	1.640653	1.3649582	-6.27568	0.013223056	0.0892547	1.0941142	-0.067110494	8.043451e-11	-0.00047626658	-1.4305115e-10	-0.00046968565	0.45381886	-0.0811927	0.0054723974	-0.0021809065	26.950636	0.3864193	79.0	0.49165487	0.006369495	200000	18590.848319530487
40	-4.006061	2.3165114	-1.2	-10.0	0.01010101	0.0999949	1.0	0.0	50.17172	458.0	0.0022341463414634146	-1.6061705	1.5682656	1.2067175	-6.7718973	0.004081376	0.037387386	0.6102029	-0.06163788	9.052322e-10	-0.00061591883	4.7087667e-10	-0.00076879835	0.93194044	-0.27752382	0.0035936038	-0.0016540281	27.337055	0.05399704	7.0	0.48318732	0.016795907	205000	19038.18541789055
41	-4.091837	2.142413	-1.3	-10.0	0.030612245	0.17226472	1.0	0.0	51.02041	461.0	0.002195238095238095	-1.8990054	1.6479661	2.2029552	-6.193462	0.0017469955	0.025209416	0.50617516	-0.13835397	-3.5673295e-10	-0.001378958	-3.993511e-10	-0.0016390835	1.1342728	-0.46233988	0.011814122	-0.0064317253	27.391052	0.35140038	5.0	0.48857412	0.017491857	210000	19482.553132772446
42	-4.1268044	2.031632	-0.5	-10.0	0.020618556	0.14210358	1.0	0.0	51.474228	463.0	0.0021534883720930233	-1.847349	1.8356467	2.6128736	-9.255666	0.017170208	0.057869967	0.9842615	-0.111937284	-1.6790777e-10	-0.0007262697	-5.364418e-11	-0.0010508349	1.1046	-0.46441668	0.011456717	-0.0032418938	27.742453	0.284626	5.0	0.49451783	0.020174116	215000	19926.252036571503
43	-4.441304	2.4116182	-0.9	-10.0	0.0	0.0	0.0	0.0	54.336956	463.0	0.0021045454545454544	-2.1160269	2.0299227	0.9949589	-10.365505	0.011228808	0.03582771	0.21240184	-0.16207942	1.7256471e-10	-0.00012429255	8.34465e-11	-0.000103958424	1.4747373	-0.5290242	0.0009993456	-0.0007782045	28.027079	-0.12080574	79.0	0.46055555	0.0038301253	220000	20372.601888656616
44	-4.0316324	2.06455	-0.6	-10.0	0.010204081	0.10049856	1.0	0.0	50.7551	464.0	0.0020622222222222222	-2.0377426	2.0578377	1.1946571	-10.274163	0.0015749021	0.015250653	0.12272855	-0.045171343	-2.1421576e-10	-8.047324e-05	-7.152558e-11	-0.00015815317	0.9437484	-0.31563014	0.0067796675	-0.0013587531	27.906273	-0.046283722	4.0	0.42154512	0.012869572	225000	20822.34359407425
45	-4.085567	2.2710183	-0.5	-10.0	0.0	0.0	0.0	0.0	51.40206	464.0	0.002017391304347826	-2.0412698	2.0337949	1.3979846	-9.995091	0.018652597	0.039320815	0.347405	-0.06852949	-3.105968e-10	-0.00024129232	-3.4570694e-10	-0.0001774284	1.3009847	-0.34275562	0.0018100705	-0.00158527	27.85999	-0.19236755	79.0	0.45309532	0.004463422	230000	21270.29235601425
46	-4.0040812	2.0884972	-1.2	-10.0	0.0	0.0	0.0	0.0	50.47959	464.0	0.001974468085106383	-1.8828193	2.0297477	3.162236	-10.796023	0.002856348	0.0124869635	0.13678472	-0.07663376	3.955651e-11	-0.00013765038	1.3411045e-11	-1.5022916e-05	0.91877383	-0.24527341	0.00015096064	-8.0826045e-05	27.667622	-0.2536354	79.0	0.44424257	0.0031010043	235000	21716.875062704086
47	-3.9151516	1.9645013	-0.9	-10.0	0.01010101	0.099994905	1.0	0.0	49.70707	465.0	0.0019375	-1.8462386	1.7785658	1.4608818	-9.237292	0.00077938254	0.008964494	0.06683361	-0.062388774	6.2836486e-10	-0.0004973008	4.529953e-10	-0.0004719998	0.81717265	-0.32758954	0.004192477	-0.00023271283	27.413986	-0.05375862	79.0	0.49532384	0.006636885	240000	22161.798976421356
48	-4.023711	2.063166	-0.8	-10.0	0.0	0.0	0.0	0.0	50.783504	465.0	0.0018979591836734693	-1.7259512	1.6791755	1.1764499	-9.660123	0.0042795194	0.01252955	0.06254579	-0.054536156	2.7739147e-10	-0.00014085388	1.1324883e-10	-3.7358582e-06	0.89350927	-0.30335593	0.00017748054	-0.00013506264	27.360228	-0.21152878	79.0	0.4574065	0.0030766795	245000	22609.94477891922
49	-4.058163	2.2013874	-0.6	-10.0	0.010204081	0.10049855	1.0	0.0	50.908165	466.0	0.001864	-1.9889188	2.1752946	3.0336516	-12.183946	0.0006563986	0.006409032	0.045725737	-0.04407492	-1.9182196e-11	-0.00016079789	-1.6391277e-10	-0.0005367397	1.3508219	-0.5602255	0.0062778746	-0.000692151	27.148699	-0.053440094	3.0	0.4420033	0.022744289	250000	23055.672153949738
50	-4.045918	2.089535	-0.5	-10.0	0.0	0.0	0.0	0.0	51.010204	466.0	0.0018274509803921568	-1.8884125	1.8927953	2.85239	-10.555641	0.010760106	0.02339459	0.13188194	-0.061125286	5.8015424e-12	-0.00021446633	2.8759242e-10	-0.00011953218	0.6772187	-0.26229435	0.00058226794	-0.0005044882	27.095259	-0.21907425	79.0	0.47557357	0.0062338407	255000	23500.06059408188
51	-3.8225489	1.8919802	-1.0	-10.0	0.009803922	0.0985282	1.0	0.0	48.794117	467.0	0.0017961538461538462	-1.6963203	1.7578654	1.2001784	-10.810405	0.004038842	0.010991741	0.07969666	-0.018453669	4.7606325e-11	-0.0008781052	1.1324883e-10	-0.0010948351	0.88133985	-0.34756756	0.005372998	-0.003203096	26.876184	-0.06544495	27.0	0.47067735	0.014305151	260000	23946.48407793045
52	-3.8653464	2.0845227	-1.1	-10.0	0.0	0.0	0.0	0.0	49.10891	467.0	0.0017622641509433962	-1.6047155	1.7426803	1.5795528	-10.98272	0.008231357	0.04374503	0.69409937	-0.09334286	2.7136726e-10	-0.00021789563	-1.3113022e-10	-9.7497126e-05	0.750614	-0.35265175	0.002053168	-0.0018250198	26.81074	-0.22877502	79.0	0.47125965	0.0040407144	265000	24396.369270801544
53	-3.8656867	2.0918841	-1.0	-10.0	0.0	0.0	0.0	0.0	49.009804	467.0	0.0017296296296296296	-2.0000987	2.2667897	1.6288826	-10.968651	-5.4831362e-05	0.009389821	0.063162416	-0.07521398	-1.7192887e-10	-0.00027048794	6.556511e-11	-3.456981e-05	1.4744818	-0.96587384	0.00018943507	-4.213702e-05	26.581964	-0.29998016	58.0	0.43079162	0.01298685	270000	24845.197895765305
54	-4.037113	1.9959402	-0.5	-10.0	0.0	0.0	0.0	0.0	50.917526	467.0	0.001698181818181818	-1.8461711	2.0147989	1.9198741	-11.048237	0.000942424	0.010231877	0.14094886	-0.08109075	-1.6391019e-10	-0.00020883593	-6.854534e-11	-2.2710281e-05	0.9311377	-0.35559577	0.000103483464	-7.0883725e-05	26.281984	-0.31524277	79.0	0.44822773	0.0035600818	275000	25289.850810050964
55	-3.7085714	2.165052	-0.6	-10.0	0.00952381	0.09712419	1.0	0.0	47.561905	468.0	0.0016714285714285713	-1.9106555	2.0690928	1.3324139	-10.995535	0.00048231593	0.0065969755	0.084609106	-0.026921999	-3.059813e-10	-0.0005526228	-6.556511e-10	-0.0007906625	1.0783043	-0.4386028	0.0065798536	-0.00065052556	25.966742	-0.07818794	35.0	0.46601993	0.012972024	280000	25735.425401687622
56	-4.0161614	2.439395	-0.3	-10.0	0.0	0.0	0.0	0.0	50.272728	468.0	0.0016421052631578948	-1.8362529	1.8310913	1.6852609	-9.358132	0.007024276	0.020166526	0.09540267	-0.087967	1.464991e-10	-0.00018313942	1.66893e-10	-2.6027506e-05	0.7867962	-0.28337628	0.00043135625	-0.00038417074	25.888554	-0.25642586	79.0	0.42319083	0.002901082	285000	26181.93095421791
57	-3.375	1.4836911	-0.7	-10.0	0.026785715	0.16145661	1.0	0.0	44.455357	471.0	0.0016241379310344827	-1.5015606	1.6368748	1.8690923	-7.288306	0.0019563532	0.008442919	0.10359048	-0.06442296	-1.6046461e-10	-0.0013882987	-3.2782554e-11	-0.0015410873	0.5922853	-0.27679956	0.01631919	-0.0047354335	25.632128	0.35428047	79.0	0.41085303	0.011999518	290000	26632.997508764267
58	-3.9220004	2.1301446	-1.3	-10.0	0.0	0.0	0.0	0.0	49.67	471.0	0.0015966101694915255	-1.6207759	1.762259	1.2494898	-8.95266	0.018200718	0.04512591	0.8201242	-0.075023286	-9.539144e-11	-0.00089243794	-4.7683715e-11	-0.0009790685	0.7795004	-0.28866372	0.0026933092	-0.0020171527	25.986408	-0.13175774	33.0	0.4005835	0.012113286	295000	27080.257637262344
59	-3.924	2.06621	-0.6	-10.0	0.0	0.0	0.0	0.0	49.91	471.0	0.00157	-1.8668791	2.0409737	1.1725897	-12.500266	0.0059531634	0.017488895	0.3103839	-0.05397816	-5.006087e-10	-0.00017363894	-6.2584875e-11	-3.669768e-05	0.82556814	-0.52570903	0.0003313735	-0.00027095195	25.85465	-0.33493805	79.0	0.40499166	0.003704586	300000	27525.34592628479
60	-3.8264704	1.9779136	-0.5	-10.0	0.0	0.0	0.0	0.0	48.941177	471.0	0.0015442622950819671	-1.5887951	1.6927717	1.3826014	-9.170799	-0.00077226036	0.008716946	0.124678746	-0.083376825	2.3927893e-10	-0.0002706181	7.301569e-11	-4.4177275e-05	0.9280168	-0.34408468	6.923393e-05	-3.1763375e-05	25.519712	-0.35946083	79.0	0.44770434	0.004964769	305000	27973.309748649597
61	-3.9777777	2.0972111	-1.3	-10.0	0.0	0.0	0.0	0.0	50.444443	471.0	0.0015193548387096773	-1.8644992	1.7416075	1.8702404	-8.292981	-0.00024644702	0.008100648	0.14149521	-0.04585134	2.3331256e-10	-0.0004846445	0.0	-0.00046301598	1.0668545	-0.308769	6.3908235e-05	-2.9628245e-05	25.160252	-0.34941864	79.0	0.4247376	0.0057947626	310000	28425.406821727753
62	-3.8514855	1.7179666	-1.2	-10.0	0.0	0.0	0.0	0.0	49.29703	471.0	0.0014952380952380953	-1.7872902	2.0056047	1.4213033	-11.601525	-0.000148114	0.006092973	0.073417954	-0.029231356	1.9929468e-10	-0.00013430155	7.450581e-12	-4.09549e-06	0.5122054	-0.24076661	3.6570043e-05	-1.3021983e-05	24.810833	-0.36311722	79.0	0.4253959	0.002937413	315000	28871.469898223877
63	-4.2881722	2.0994034	-0.6	-10.0	0.010752688	0.103136174	1.0	0.0	53.526882	472.0	0.001475	-1.8628746	2.0757058	1.358369	-11.95881	0.0009704138	0.007998081	0.14596385	-0.030540595	-6.770817e-10	-0.00068574725	-1.4305115e-10	-0.000850228	0.79624754	-0.28584307	0.007660481	-0.0009783036	24.447716	-0.060056686	48.0	0.40446344	0.012327907	320000	29319.03409099579
64	-4.1800003	2.226094	-0.6	-10.0	0.0	0.0	0.0	0.0	52.105263	472.0	0.0014523076923076924	-1.8258703	1.726641	1.2699108	-8.388843	-0.012836681	0.027224667	0.18083149	-0.09316357	-5.195812e-10	-0.00032218845	-4.4703483e-10	-0.00018632536	0.89099056	-0.3719173	0.00090540695	-0.0008378138	24.38766	-0.29418373	79.0	0.3807565	0.003876168	325000	29768.997850179672
65	-3.678095	1.8730154	-0.4	-10.0	0.0	0.0	0.0	0.0	47.466667	472.0	0.0014303030303030302	-1.7140332	1.813218	1.6277367	-10.732571	-0.0014139578	0.015101065	0.06637343	-0.1612747	-1.8451236e-10	-0.00015364806	-5.066395e-11	-2.5578769e-05	0.6520066	-0.22197655	0.00023054385	-0.00019551002	24.093475	-0.38804436	79.0	0.39940652	0.0025777484	330000	30220.97074151039
66	-3.533333	1.6486808	-0.5	-10.0	0.0	0.0	0.0	0.0	46.12963	472.0	0.001408955223880597	-1.6311538	2.1365933	1.9459971	-11.17376	0.00018145163	0.0062824474	0.05100544	-0.079578705	-2.7192956e-10	-0.00021207746	-1.7881394e-11	-1.0671191e-06	0.5285635	-0.29888958	3.957749e-05	-2.1614516e-05	23.705431	-0.40273666	79.0	0.40407386	0.0040761065	335000	30671.43091893196
67	-4.233684	2.295653	-1.2	-10.0	0.0	0.0	0.0	0.0	52.410526	472.0	0.0013882352941176472	-1.9514695	1.9577627	1.3243952	-10.053083	8.72789e-05	0.0058097006	0.06521301	-0.039383516	5.5219823e-10	-0.00030169738	-2.9802324e-11	3.0373976e-06	1.501194	-0.6711376	3.3936005e-05	-1.5967727e-05	23.302694	-0.42650986	79.0	0.4633187	0.004325469	340000	31120.339643239975
68	-4.0591836	2.1449437	-1.1	-10.0	0.010204081	0.10049855	1.0	0.0	50.80612	473.0	0.001371014492753623	-2.09708	2.3095336	1.1079377	-12.032346	-0.0008201838	0.004455147	0.04610618	-0.031006113	-3.907468e-10	-0.0006227466	-5.662441e-10	-0.00079318363	0.9922422	-0.35244167	0.006080303	-0.0012626201	22.876184	-0.08528328	17.0	0.42989674	0.013816443	345000	31568.46239233017
69	-3.975	2.2728121	-1.3	-10.0	0.01	0.09949875	1.0	0.0	49.87	474.0	0.0013542857142857143	-1.8580004	1.9058976	1.5461217	-8.635018	0.005534943	0.02355427	0.26568612	-0.043188777	2.446638e-10	-0.00039874227	1.5497208e-10	-0.00032998066	0.66671854	-0.30556336	0.002887125	-0.00094184594	22.790901	-0.0088272095	79.0	0.40834525	0.0056917663	350000	32016.27561044693
70	-4.086598	2.197169	-1.2	-10.0	0.0	0.0	0.0	0.0	51.29897	474.0	0.0013352112676056338	-1.7743101	1.8594701	2.6913586	-8.9934635	0.0028216667	0.017640943	0.22538564	-0.06836404	4.8223897e-10	-0.00022802301	1.2665988e-10	-8.713163e-05	0.6175641	-0.23641282	0.0003164175	-0.00027796387	22.782074	-0.34008408	79.0	0.41728887	0.004272183	355000	32460.984298229218
71	-4.1270833	2.2848449	-1.2	-10.0	0.0	0.0	0.0	0.0	51.697918	474.0	0.0013166666666666667	-2.0092845	1.9627529	1.1281471	-9.550689	-0.0001024576	0.0071887537	0.047683176	-0.04686698	-1.842599e-10	-0.000250875	-3.9488076e-11	2.2383333e-06	0.982138	-0.4981545	3.64927e-05	-1.6305365e-05	22.44199	-0.45453072	79.0	0.44700253	0.0039176987	360000	32907.88870692253
72	-3.9329998	2.1281474	-0.6	-10.0	0.0	0.0	0.0	0.0	49.78	474.0	0.0012986301369863013	-1.9329593	2.1090727	1.6084461	-11.076995	0.0010701593	0.005512995	0.050080314	-0.076744676	-1.8671484e-10	-0.00040267262	-7.376075e-11	-1.1858426e-06	1.1152494	-0.57201767	2.3825227e-05	0.00010090115	21.98746	-0.47743988	79.0	0.4097418	0.0073238807	365000	33354.66514492035
73	-3.4629629	1.7374732	-0.4	-10.0	0.009259259	0.09577851	1.0	0.0	45.425926	475.0	0.0012837837837837837	-1.5701513	1.7250463	1.8987542	-10.194582	-0.009864624	0.0057084216	0.04336369	-0.060378548	-7.943064e-10	-0.0006251168	-4.4107437e-10	-0.00046747207	0.6445946	-0.3753801	0.0030039838	-0.00061868783	21.51002	-0.14957619	79.0	0.4332322	0.009957839	370000	33804.92547917366
74	-3.954	2.3289664	-0.4	-10.0	0.0	0.0	0.0	0.0	49.99	475.0	0.0012666666666666666	-1.7815902	2.0838299	2.1305118	-12.632031	0.0028303068	0.015333042	0.22382322	-0.04132173	-2.7451938e-10	-0.00043550588	-1.1324883e-10	-8.076724e-05	1.1192286	-0.51792467	0.00023169999	-0.00020182901	21.360443	-0.39186478	79.0	0.43100291	0.009344989	375000	34253.88339614868
75	-3.9789996	2.2130203	-0.4	-10.0	0.01	0.09949875	1.0	0.0	49.91	476.0	0.0012526315789473685	-2.173874	2.249239	1.4785784	-10.513976	0.0011844364	0.006446041	0.06953834	-0.07816657	5.2550388e-11	-0.00030281887	5.960465e-11	-1.9690819e-05	1.0389525	-0.43528003	0.0040065586	-0.00022216071	20.968578	-0.1322155	79.0	0.40899044	0.0047616465	380000	34705.05912041664
76	-3.6961904	2.1897564	-0.4	-10.0	0.0	0.0	0.0	0.0	47.438095	476.0	0.0012363636363636364	-1.7722117	2.217708	1.8211209	-12.458022	0.004834094	0.012282554	0.09029051	-0.05218434	-9.516743e-10	-0.00031670099	-1.4603138e-10	-7.722696e-06	0.7334042	-0.41409767	0.0001797364	-0.00015684793	20.836363	-0.39645576	79.0	0.40511984	0.0034518617	385000	35154.41109967232
77	-3.514679	2.0198932	-0.6	-10.0	0.0	0.0	0.0	0.0	45.6422	476.0	0.0012205128205128204	-1.8676183	2.3609016	2.2160866	-13.638202	0.00049262145	0.0058642225	0.06306181	-0.020754838	3.6041492e-10	-0.00038658446	3.2782554e-11	-6.3732086e-06	1.6475041	-0.88971883	3.4968936e-05	-1.8767529e-05	20.439907	-0.5159359	79.0	0.40909427	0.0058328263	390000	35607.71929717064
78	-4.1842103	2.377806	-0.6	-10.0	0.010526316	0.10205642	1.0	0.0	52.031578	477.0	0.0012075949367088609	-2.2920296	2.5420768	1.5402596	-11.921386	-0.00037885577	0.0044820006	0.05130722	-0.028683854	2.172048e-09	-0.0008591792	1.8119812e-09	-0.0006663003	1.2114221	-0.43884844	0.006578388	-0.0020115534	19.923971	-0.10079384	46.0	0.4342584	0.012126277	395000	36054.732434511185
79	-3.6490564	2.0465455	-0.3	-10.0	0.018867925	0.13605854	1.0	0.0	46.9717	479.0	0.0011975	-1.683793	1.939705	2.2473516	-10.733135	0.0032242942	0.01975741	0.33673093	-0.05808487	2.529051e-10	-0.00074134284	-1.192093e-10	-0.0012193334	0.5214769	-0.23595747	0.01066732	-0.0046375343	19.823177	0.34692383	7.0	0.41149542	0.011918183	400000	36501.577845573425
80	-4.2452636	2.2286067	-0.3	-10.0	0.042105265	0.20082933	1.0	0.0	52.294735	483.0	0.0011925925925925925	-2.043058	2.1305788	1.6569508	-9.564766	0.009756559	0.048969533	0.50837874	-0.10992837	-9.979562e-10	-0.0004939627	-8.5830687e-10	-0.0008114408	0.95988613	-0.26153183	0.024004973	-0.0055203605	20.170101	1.3573685	8.0	0.39811888	0.015420981	405000	36949.83373951912
81	-3.6518872	1.89703	-0.5	-10.0	0.03773585	0.19055672	1.0	0.0	46.896225	487.0	0.0011878048780487806	-1.8213426	2.2299783	5.1819363	-11.94091	0.03813299	0.094914	0.80420077	-0.10247516	-5.6404603e-10	-0.00048602108	-6.079674e-10	-0.0008542179	0.8555226	-0.34594804	0.018805819	-0.0047125127	21.52747	1.4552097	7.0	0.38043204	0.011944762	410000	37399.07358598709
82	-3.614019	1.7384304	-1.0	-10.0	0.037383176	0.18969889	1.0	0.0	46.626167	491.0	0.001183132530120482	-1.4731213	1.5086625	1.2207067	-6.4174466	0.07186921	0.08863255	0.7251416	-0.06521883	1.2691175e-09	-0.00074520207	8.761883e-10	-0.0015163309	0.68009245	-0.33873686	0.020591773	-0.006745319	22.98268	1.411171	4.0	0.40974498	0.022995584	415000	37845.356583595276
83	-3.6226413	1.7507564	-1.1	-10.0	0.0	0.0	0.0	0.0	47.018867	491.0	0.001169047619047619	-1.5918435	1.8928703	1.4945141	-14.21729	0.035710987	0.08084563	0.54317826	-0.18417998	6.9067e-11	-0.00010229641	-6.318092e-10	-0.0003012342	0.53133905	-0.26125842	0.007075737	-0.0065753865	24.39385	-0.090078354	6.0	0.41930336	0.016591592	420000	38293.483849048615
84	-3.988	2.4750872	-0.7	-10.0	0.0	0.0	0.0	0.0	49.78	491.0	0.0011552941176470588	-2.0292995	2.4512746	2.2189696	-12.33603	0.0033490737	0.026490621	0.2013335	-0.20861901	-2.2670657e-10	-0.0005787375	-4.7683715e-11	-0.00043453104	1.1091033	-0.6864631	0.00053379725	-0.00037969614	24.303772	-0.53492355	75.0	0.42149302	0.013169754	425000	38742.55936932564
85	-3.6714287	1.7101777	-1.2	-10.0	0.0	0.0	0.0	0.0	47.50476	491.0	0.001141860465116279	-1.6487817	1.9318138	1.4089956	-10.18258	0.0031195336	0.017191786	0.19996221	-0.057320055	4.3899915e-11	-0.00026437387	-6.2584875e-11	-2.5766245e-05	0.65215486	-0.37621462	0.00015465436	-4.5888068e-05	23.768848	-0.56166077	79.0	0.449295	0.0047405805	430000	39191.79397249222
86	-3.6647618	1.7771021	-1.0	-10.0	0.0	0.0	0.0	0.0	47.333332	491.0	0.001128735632183908	-1.7964895	2.2028704	1.866321	-12.426176	0.0025408017	0.01260651	0.13590689	-0.06475322	3.6430955e-10	-0.00029991157	-2.682209e-11	-6.259547e-05	0.61928767	-0.27859688	0.00014642246	-7.802447e-05	23.207188	-0.5728531	79.0	0.43333066	0.0035761138	435000	39641.84585046768
87	-3.6914287	1.9254247	-1.1	-10.0	0.0	0.0	0.0	0.0	47.6	491.0	0.001115909090909091	-1.5525128	1.7243623	1.5067035	-8.965957	0.0004699564	0.008049513	0.08275816	-0.058115724	-1.1907791e-09	-0.0003440753	2.9057264e-11	-2.8471242e-05	0.9227416	-0.32353884	6.251117e-05	-2.3589328e-05	22.634335	-0.59270096	79.0	0.42229688	0.0047432138	440000	40090.3489818573
88	-3.5616822	1.7586447	-0.4	-10.0	0.0	0.0	0.0	0.0	46.51402	491.0	0.001103370786516854	-1.5804614	1.6904029	1.1527877	-9.828764	0.00074149907	0.008554052	0.10596139	-0.090042286	-7.2176015e-10	-0.00030639127	1.5646219e-11	-1.3109372e-05	0.533108	-0.30447826	7.25461e-05	-2.96586e-05	22.041634	-0.6002064	79.0	0.42094302	0.0036622558	445000	40539.22657060623
89	-3.535185	1.7810898	-0.5	-10.0	0.0	0.0	0.0	0.0	46.046295	491.0	0.001091111111111111	-1.6070008	1.9774393	1.2739927	-10.281402	0.00056411605	0.008057204	0.09274785	-0.07252463	-3.3837322e-10	-0.00042507148	3.7252902e-11	-1.2581663e-05	0.72479767	-0.33820307	6.3399195e-05	-2.5269346e-05	21.441427	-0.6204014	79.0	0.41369638	0.0048019243	450000	40992.03423213959
90	-3.4752293	2.0628722	-0.6	-10.0	0.027522936	0.16360141	1.0	0.0	45.14679	494.0	0.0010857142857142858	-1.8140746	2.2032924	2.695762	-12.014261	0.00034634976	0.0080733765	0.08690654	-0.030644225	2.5660074e-09	-0.0004514239	2.3961066e-09	-0.0006441077	0.73154855	-0.3125123	0.018049564	-0.0036580712	20.821026	0.67648315	10.0	0.43019688	0.014007294	455000	41425.441712379456
91	-3.3848212	1.8348906	-0.6	-10.0	0.008928572	0.09406831	1.0	0.0	44.455357	495.0	0.0010760869565217392	-1.5590138	1.9837624	1.5538392	-12.701986	0.024044607	0.06300777	0.4742675	-0.08517157	7.431126e-10	-0.00053937343	3.695488e-10	-0.0011750961	0.5668947	-0.30350858	0.005281777	-0.0029864255	21.497509	0.17736053	5.0	0.41486874	0.015845288	460000	41851.44978570938
92	-3.5691586	1.9412594	-0.9	-10.0	0.018691588	0.13543344	1.0	0.0	46.17757	497.0	0.0010688172043010753	-1.6549292	1.9211866	2.2923284	-9.60914	0.010854715	0.054546155	0.6123323	-0.13846211	-8.514437e-10	-0.00044853587	-1.2636184e-09	-0.00073802687	1.128615	-0.71090424	0.013049469	-0.006273627	21.67487	0.40794754	10.0	0.41095585	0.017208686	465000	42275.558320999146
93	-3.8235295	2.1735117	-1.1	-10.0	0.0	0.0	0.0	0.0	48.69608	497.0	0.0010574468085106383	-2.0446	2.594015	1.6247106	-12.398131	0.019285679	0.049562942	0.4915644	-0.19487748	-2.815508e-10	-0.00033534935	-6.109476e-11	-0.0002819879	1.1971589	-0.50433296	0.0027237444	-0.00256727	22.082817	-0.37427902	79.0	0.43613935	0.0062317625	470000	42704.06051540375
94	-3.9383838	1.9355633	-0.7	-10.0	0.01010101	0.099994905	1.0	0.0	50.050507	498.0	0.001048421052631579	-1.8994235	2.1947014	1.7480475	-13.820225	0.002361823	0.009103322	0.071420245	-0.039836016	-3.2216851e-10	-0.00034527385	-1.1920929e-11	-0.00020441259	0.76576924	-0.3538799	0.0060994085	-0.0005967859	21.708538	-0.14683723	79.0	0.44468608	0.0068664933	475000	43126.42384815216
95	-3.742308	2.073398	-1.0	-10.0	0.0	0.0	0.0	0.0	47.89423	498.0	0.0010375	-2.039749	2.5422652	2.1886153	-11.840227	0.004956614	0.020076867	0.0835408	-0.089532346	1.121634e-10	-0.00041538544	2.2351741e-10	-0.000110041736	1.1214063	-0.4915521	0.00042734708	-0.0003711658	21.5617	-0.5350151	79.0	0.42943788	0.0066065504	480000	43552.73873400688
96	-3.4844038	1.7129925	-0.7	-10.0	0.0	0.0	0.0	0.0	45.6422	498.0	0.0010268041237113403	-1.6920292	2.1002314	1.4261515	-11.798984	0.0003020709	0.008684784	0.15919922	-0.062463127	5.2008925e-10	-0.00023385667	-9.0152025e-11	-1.9834439e-05	0.5098468	-0.29562378	7.46913e-05	-3.5845893e-05	21.026686	-0.6852665	79.0	0.4242591	0.0035004187	485000	43979.975056409836
97	-3.548598	1.9590845	-0.7	-10.0	0.0	0.0	0.0	0.0	46.280373	498.0	0.0010163265306122448	-1.5139664	1.7145293	2.695796	-9.19156	-0.00047870658	0.007931602	0.039324217	-0.15112285	-5.764283e-11	-0.00027028244	-4.172325e-11	-1.8944818e-05	0.66253406	-0.3144073	5.9359812e-05	-3.0127754e-05	20.34142	-0.70010567	79.0	0.44585434	0.0032162555	490000	44405.05335140228
98	-3.5055044	1.8502582	-0.4	-10.0	0.0	0.0	0.0	0.0	45.651375	498.0	0.001006060606060606	-1.5031595	1.8570049	1.2553898	-11.258266	0.00035563027	0.005859214	0.065870546	-0.02657754	-3.9770545e-10	-0.00040399298	4.4703486e-12	-2.4229064e-05	0.46744195	-0.20667592	3.5209185e-05	-1.6319114e-05	19.641314	-0.7218647	79.0	0.45017046	0.0047654463	495000	44831.8021364212
99	-3.5897193	1.75765	-0.8	-10.0	0.018691588	0.13543344	1.0	0.0	46.48598	500.0	0.001	-1.6878467	1.9906626	2.031966	-12.740625	0.00021001663	0.008851527	0.12538981	-0.041418105	-1.5870479e-10	-0.00056922465	-3.233552e-10	-0.00035173295	0.7577923	-0.5285673	0.008731574	-0.0007822048	18.919449	0.29774475	79.0	0.4266106	0.006277939	500000	45256.82319664955
100	-3.6424527	1.9098527	-1.0	-10.0	0.0	0.0	0.0	0.0	47.009434	500.0	0.0009900990099009901	-1.4913744	1.6993245	1.6456593	-12.3876295	0.008741364	0.020728063	0.10031238	-0.054770052	-5.598361e-10	-0.0003435633	-4.5001508e-10	-2.4325393e-05	0.4543123	-0.22529978	0.00050828065	-0.0004714313	19.217194	-0.4531269	79.0	0.42867813	0.003591421	505000	45682.866225004196
101	-3.4144146	1.8731796	-0.7	-10.0	0.009009009	0.094487295	1.0	0.0	44.74775	501.0	0.0009823529411764707	-1.4043113	1.5249401	1.1181124	-9.859284	0.0007010386	0.009155368	0.07347341	-0.019584216	1.3778524e-09	-0.00034388356	5.364418e-10	-0.00013665484	0.44536376	-0.19598229	0.003553105	-0.00033403537	18.764067	-0.23529053	79.0	0.44055048	0.00471358	510000	46108.571063518524
102	-3.4545457	1.6098918	-0.8	-10.0	0.0	0.0	0.0	0.0	45.345455	501.0	0.0009728155339805825	-1.4468731	1.8524557	2.244132	-13.924342	0.004408932	0.014193494	0.082875244	-0.05004617	-5.911477e-10	-0.00020916757	3.576279e-11	-3.8333554e-05	0.5361643	-0.27081612	0.00017976038	-0.00015151426	18.528776	-0.6144867	79.0	0.39757565	0.0034789168	515000	46535.25611948967
103	-3.4026783	1.7498703	-0.6	-10.0	0.026785715	0.16145661	1.0	0.0	44.63393	504.0	0.0009692307692307692	-1.4703513	1.6905687	1.5997399	-12.905606	0.0005318511	0.008025848	0.08794513	-0.046055336	-1.547992e-09	-0.00065758463	-1.0967255e-09	-0.0008270405	0.932108	-0.5324253	0.0165195	-0.0068833735	17.91429	0.8209019	33.0	0.40618888	0.0129978405	520000	46962.71343421936
104	-4.0642858	2.3238008	-0.5	-10.0	0.020408163	0.1413919	1.0	0.0	50.7449	506.0	0.0009638095238095238	-1.8714019	1.9357045	1.0780371	-11.42984	0.031680044	0.068228774	0.5863648	-0.07278243	9.339109e-11	-0.00072953576	9.179115e-10	-0.0009110481	1.3212768	-0.65143496	0.017863983	-0.0065631727	18.735191	0.8996601	16.0	0.45093623	0.014170926	525000	47386.588324546814
105	-3.4045038	1.5837228	-0.4	-8.5	0.018018018	0.13301642	1.0	0.0	44.846848	508.0	0.0009584905660377359	-1.5436219	1.5551939	1.6558608	-5.9954996	0.02020888	0.056617223	0.5384502	-0.2653236	9.479261e-10	-0.0006811993	5.6028365e-10	-0.0008158086	0.3977856	-0.22532848	0.0114318095	-0.0045800526	19.634851	0.66979027	35.0	0.43496147	0.012504361	530000	47793.78246808052
106	-3.4836361	1.6124251	-0.6	-10.0	0.045454547	0.2082989	1.0	0.0	45.236362	513.0	0.0009588785046728971	-1.3120531	1.3461088	1.508788	-4.7532954	0.0144688	0.06045049	0.5007444	-0.17503884	3.2875785e-11	-0.00028631397	-1.1444092e-09	-0.0008825674	0.27357736	-0.05805756	0.023153186	-0.0063754767	20.304642	2.2858238	2.0	0.42251977	0.020819731	535000	48203.58357048035
107	-3.6669812	2.0153992	-1.0	-10.0	0.028301887	0.16583392	1.0	0.0	46.735847	516.0	0.0009555555555555555	-1.4838252	1.6851342	1.6690325	-11.159132	0.046970226	0.11946464	1.2445797	-0.19836384	4.5496845e-10	-0.00048579267	5.722046e-10	-0.00065195473	0.9000828	-0.4480826	0.017546944	-0.006366887	22.590466	1.7082062	6.0	0.41699317	0.012949972	540000	48612.95075440407
108	-3.5703702	1.9309016	-0.5	-10.0	0.018518519	0.13481687	1.0	0.0	46.296295	518.0	0.0009504587155963303	-1.7151746	1.9408264	1.2035713	-12.545425	0.0357078	0.089288704	0.72481674	-0.21176559	-9.994732e-10	-0.0005750529	-1.001358e-09	-0.00081850315	0.45016757	-0.23403826	0.009764547	-0.0041652126	24.298672	0.84568596	10.0	0.36199692	0.013964089	545000	49022.59248423576
109	-3.647619	1.825486	-0.7	-10.0	0.0	0.0	0.0	0.0	47.266666	518.0	0.0009418181818181818	-1.4096	1.4984173	1.2690761	-7.1373334	0.011964825	0.06219587	0.6787992	-0.12694664	9.430949e-11	-0.00031122298	-1.7881394e-10	-0.00046915028	0.40137616	-0.13167289	0.0026011919	-0.0022022303	25.144358	-0.45913696	79.0	0.4307586	0.009054827	550000	49424.6979238987
110	-3.9650006	2.2768567	-1.1	-10.0	0.01	0.099498756	1.0	0.0	49.77	519.0	0.0009351351351351351	-1.9548414	2.0670016	2.7566123	-10.9865	0.0066641173	0.030006165	0.27623144	-0.08523793	-1.1111082e-09	-0.00064768374	-6.6161154e-10	-0.00065048394	0.9493964	-0.41629303	0.005943174	-0.001992215	24.68522	-0.17499924	61.0	0.42304406	0.012585186	555000	49811.675906181335
111	-3.3812501	1.638299	-0.4	-10.0	0.0	0.0	0.0	0.0	44.61607	519.0	0.0009267857142857143	-1.5340395	1.7769878	2.6183312	-8.594964	0.00803221	0.027611433	0.29406545	-0.06910555	-1.2758476e-10	-0.0002882038	1.16229054e-10	-0.00011889656	0.64236194	-0.3016953	0.0007659235	-0.00064395106	24.510221	-0.6620331	79.0	0.43316603	0.0051771086	560000	50199.79755735397
112	-3.6790476	1.9480245	-0.6	-10.0	0.0	0.0	0.0	0.0	47.37143	519.0	0.0009185840707964601	-1.5939225	1.8413546	1.6353316	-9.121733	0.0005875065	0.012429613	0.12221756	-0.05763381	6.7251354e-10	-0.00022624028	1.7285347e-10	-2.0897984e-05	0.5188735	-0.23551652	0.00014751857	-8.527939e-05	23.848188	-0.8599262	79.0	0.43129888	0.0035059631	565000	50585.635468006134
113	-3.2486954	1.6293699	-1.1	-10.0	0.008695652	0.092844166	1.0	0.0	43.2	520.0	0.000912280701754386	-1.4946772	1.8554766	1.2940063	-12.448104	0.0020804356	0.018720802	0.18699746	-0.085147254	1.2598517e-10	-0.00026177044	-1.7881394e-11	-0.00022599062	0.46696547	-0.24290934	0.0060107023	-0.002443636	22.988262	-0.28106117	79.0	0.4198873	0.0044201654	570000	50974.91172122955
114	-3.5518515	1.8776207	-0.4	-10.0	0.009259259	0.09577851	1.0	0.0	46.11111	521.0	0.0009060869565217392	-1.686067	2.322131	1.1920153	-15.045043	0.007970232	0.032570403	0.5193769	-0.08456	2.838238e-10	-0.00055369706	-2.6226044e-10	-0.00052128866	0.43709052	-0.17314374	0.0066547776	-0.0030612054	22.707201	-0.08215141	79.0	0.41579044	0.010037384	575000	51361.4380903244
115	-3.783333	1.8293942	-1.0	-10.0	0.019607844	0.13864838	1.0	0.0	48.401962	523.0	0.0009017241379310344	-1.5263642	1.5749873	1.3976105	-9.701687	0.009540297	0.03496831	0.5742442	-0.066782035	-5.3682e-10	-0.00058466254	-4.1723253e-10	-0.0008738383	0.6033707	-0.24696341	0.01130241	-0.0033480888	22.62505	0.66693115	58.0	0.40807715	0.012264199	580000	51747.33402109146
116	-3.560185	2.1113424	-0.5	-10.0	0.0	0.0	0.0	0.0	46.092594	523.0	0.000894017094017094	-1.5462161	1.6497612	2.5936391	-7.9398055	0.01484832	0.051155005	0.9006679	-0.24075133	-1.0024538e-09	-0.0008345362	-3.5762787e-10	-0.00093981577	0.85250056	-0.4496198	0.0022731763	-0.0018611059	23.29198	-0.51748085	31.0	0.38658145	0.012865057	585000	52117.83466935158
117	-3.2859647	1.6534853	-0.6	-10.0	0.0	0.0	0.0	0.0	43.570175	523.0	0.0008864406779661017	-1.4996799	1.8716083	2.024227	-10.845197	0.0068197814	0.023417823	0.14486274	-0.19877876	-7.203415e-10	-0.00025765746	5.9604643e-12	-3.3379572e-05	0.6146401	-0.25052634	0.00035479176	-0.00024384832	22.7745	-0.9379673	79.0	0.3903172	0.004178151	590000	52488.95285177231
118	-3.9689999	2.116067	-0.3	-10.0	0.03	0.17058721	1.0	0.0	49.81	526.0	0.0008840336134453782	-1.9670451	2.3601403	2.8581166	-11.405059	0.0056495317	0.019100623	0.4224344	-0.03971925	7.0809814e-10	-0.000621533	5.4836274e-10	-0.0010817138	0.9641061	-0.5621029	0.019446088	-0.0076374123	21.836533	1.2436504	10.0	0.39462453	0.014698917	595000	52854.81594109535
119	-3.6371431	1.8478949	-0.2	-10.0	0.0	0.0	0.0	0.0	47.266666	526.0	0.0008766666666666667	-1.6003662	1.5899638	2.2540488	-8.853673	0.031659838	0.095587835	0.9398893	-0.2028094	-8.4370004e-11	-0.0003827122	-4.3511392e-10	-0.000634268	0.7022327	-0.44941896	0.008313164	-0.007886772	23.080183	-0.32605743	8.0	0.4032958	0.0134796435	600000	53219.01925301552
120	-3.8960001	2.059705	-0.8	-10.0	0.01	0.09949875	1.0	0.0	49.41	527.0	0.0008710743801652892	-1.710352	1.7367417	3.4852626	-8.720789	0.006543879	0.027235704	0.50620055	-0.1423339	5.847255e-10	-0.00041411378	6.556511e-11	-0.00036985392	1.129917	-0.59242296	0.0076193763	-0.0051034577	22.754126	-0.20518875	79.0	0.36768016	0.007073657	605000	53586.339718580246
121	-3.2293105	1.7496808	-0.5	-10.0	0.0	0.0	0.0	0.0	43.103447	527.0	0.0008639344262295082	-1.4163772	1.5654216	1.527704	-9.489321	0.0052589932	0.050413433	0.57903373	-0.1342785	-2.6628325e-10	-0.00021646179	5.424023e-10	-1.1145389e-05	0.3847447	-0.19874468	0.0007816121	-0.00034037945	22.548937	-0.7832012	79.0	0.38285658	0.0039441995	610000	53953.862320423126
122	-3.598113	1.636147	-0.5	-8.2	0.0	0.0	0.0	0.0	46.981133	527.0	0.0008569105691056911	-1.3922031	1.4856571	1.6788206	-5.467531	0.000856678	0.019222667	0.44171673	-0.053800326	3.9381085e-10	-0.0003067376	1.4901161e-10	-0.000104961626	0.29523188	-0.10174972	0.0003702513	-0.00031836846	21.765736	-1.0121078	79.0	0.36494628	0.0032112352	615000	54319.743057489395
123	-3.5370371	1.7193124	-0.3	-10.0	0.0	0.0	0.0	0.0	46.166668	527.0	0.00085	-1.3747678	1.490462	2.01518	-7.833054	9.184547e-05	0.013636078	0.111223124	-0.14250399	3.9640055e-10	-0.0003807432	-4.172325e-11	4.7758e-06	0.5629305	-0.3469708	0.00018594426	-0.00014639452	20.753628	-1.0461845	79.0	0.35319343	0.004980964	620000	54686.343161821365
124	-3.3473213	1.7543292	-0.6	-10.0	0.008928572	0.094068326	1.0	0.0	44.375	528.0	0.0008448	-1.3914062	1.4967211	2.1404765	-9.68221	-0.0002652567	0.0061440174	0.05056849	-0.09486717	6.2643135e-10	-0.0006389536	6.0498717e-10	-0.00047811965	0.5209533	-0.23136207	0.008165467	-0.0014552609	19.707443	-0.32761002	79.0	0.34404013	0.0077066817	625000	55053.18577480316
125	-3.4135134	2.2273684	-0.4	-10.0	0.0	0.0	0.0	0.0	44.44144	528.0	0.000838095238095238	-1.7448106	1.981569	1.8657726	-10.561857	0.013134899	0.043772426	0.36652458	-0.076289915	5.0486008e-11	-0.00043174604	-5.9604643e-12	-9.94503e-05	0.69808936	-0.4358301	0.00086004526	-0.0006062045	19.379833	-0.8679352	64.0	0.3702115	0.012273181	630000	55421.45897912979
126	-3.969697	2.0502503	-1.0	-10.0	0.01010101	0.0999949	1.0	0.0	50.252525	529.0	0.0008330708661417323	-1.8121715	1.8509043	1.713508	-9.458553	0.012785991	0.033090178	0.292437	-0.07620969	-3.415501e-10	-0.00048520413	-7.9274176e-10	-0.00035046527	0.67800814	-0.24902117	0.004815438	-0.0025093565	18.511898	-0.2399025	79.0	0.37456357	0.0047878334	635000	55788.96165442467
127	-3.9769998	2.2622492	-0.6	-10.0	0.01	0.099498756	1.0	0.0	49.78	530.0	0.000828125	-1.8761244	1.9703739	2.1799781	-9.32668	0.012109025	0.047378045	0.594983	-0.046218798	-4.0744955e-10	-0.00079549337	3.6358833e-10	-0.000773605	1.1672777	-0.63213265	0.0060906527	-0.002092009	18.271996	-0.003200531	14.0	0.34886953	0.017413376	640000	56156.30445551872
128	-3.5679247	1.8868235	-0.3	-10.0	0.0	0.0	0.0	0.0	46.264153	530.0	0.0008217054263565892	-1.8113699	2.2350872	1.7191432	-11.324101	0.016219454	0.05973697	0.6982611	-0.06989829	2.373109e-10	-0.00027131272	2.9206276e-10	-0.00010604097	0.78875315	-0.4566639	0.0009037007	-0.0005672886	18.268795	-0.8735733	79.0	0.37742218	0.0048666857	645000	56523.6043214798
129	-3.5348625	2.0594547	-0.3	-10.0	0.0	0.0	0.0	0.0	45.844036	530.0	0.0008153846153846154	-1.6453303	1.8848262	0.9964715	-11.437682	0.0010212349	0.014434709	0.12910935	-0.068790965	-1.448157e-10	-0.00036934027	3.874302e-11	-2.8052753e-05	0.77782345	-0.36772817	0.00014524843	-6.9765534e-05	17.395222	-1.1483212	79.0	0.38303414	0.00389921	650000	56892.72553753853
130	-3.7990186	1.7527287	-0.4	-10.0	0.009803922	0.0985282	1.0	0.0	48.77451	531.0	0.0008106870229007634	-1.6237453	1.689785	1.71832	-9.615829	0.004417376	0.022832397	0.38406792	-0.03298828	3.927764e-10	-0.00050910393	2.0563602e-10	-0.0003055495	0.7472751	-0.4108371	0.005321456	-0.0038910152	16.2469	-0.29191208	79.0	0.35319722	0.00576107	655000	57261.2332804203
131	-3.5231485	1.969612	-0.8	-10.0	0.009259259	0.09577851	1.0	0.0	45.925926	532.0	0.000806060606060606	-1.5665885	1.6403842	2.6942399	-7.5906167	0.010462385	0.065815106	0.9685154	-0.14085355	-4.802983e-10	-0.00080962095	-2.3245811e-10	-0.0006518045	0.6026123	-0.26596856	0.005466536	-0.0021900148	15.9549885	-0.09359646	79.0	0.35524502	0.009297818	660000	57629.114881277084
132	-3.7451923	2.0792415	-0.8	-10.0	0.0	0.0	0.0	0.0	47.817307	532.0	0.0008	-1.6008866	1.6922766	2.1287796	-8.290502	0.025508052	0.0906702	0.8526693	-0.06378175	-1.3979073e-10	-0.0004458643	3.2037498e-10	-0.0003260877	0.7964248	-0.34354833	0.0023905213	-0.0013554933	15.861392	-0.94946194	79.0	0.3819642	0.0072309524	665000	57995.51364684105
133	-3.6566038	1.9624311	-0.4	-10.0	0.009433962	0.09666934	1.0	0.0	46.943398	533.0	0.0007955223880597015	-1.95395	2.4648874	2.3723435	-11.345992	0.011109855	0.038712665	0.5691441	-0.03148789	2.2560624e-11	-0.0011765326	-2.861023e-10	-0.0014038582	0.71555275	-0.4390322	0.006001706	-0.0031043296	14.91193	-0.3205099	34.0	0.3579724	0.015491502	670000	58362.29961681366
134	-3.6169813	2.3093932	-0.7	-10.0	0.018867925	0.13605854	1.0	0.0	46.235847	535.0	0.0007925925925925926	-1.721575	2.0070763	1.6605579	-10.253441	0.009476151	0.04147934	0.7451148	-0.060087584	3.080423e-10	-0.0009080948	-1.937151e-10	-0.0012492548	0.8979156	-0.47609118	0.010958619	-0.0036853421	14.59142	0.83064365	25.0	0.36196595	0.013054276	675000	58729.651910066605
135	-3.6320755	2.0330083	-0.5	-10.0	0.009433962	0.09666934	1.0	0.0	46.90566	536.0	0.0007882352941176471	-1.6716127	1.9484656	2.6197755	-10.688407	0.01315593	0.039991137	0.6079722	-0.08232864	4.755786e-10	-0.0007060145	5.1259996e-10	-0.0007010457	1.2232261	-0.86650085	0.0060744416	-0.0024851465	15.422064	0.18737316	21.0	0.35062888	0.012056765	680000	59098.52631044388
136	-3.2929826	1.5879325	-0.5	-8.9	0.01754386	0.13128623	1.0	0.0	43.833332	538.0	0.0007854014598540146	-1.3674775	1.3917274	1.3245459	-5.602586	0.012651062	0.072549604	1.1441189	-0.05599729	-2.0810078e-09	-0.0014448278	-1.603365e-09	-0.0014036511	0.27555138	-0.09155609	0.010732536	-0.0071167154	15.609437	0.7258558	30.0	0.34534076	0.016132882	685000	59464.916600465775
137	-3.3875003	1.8730286	-0.8	-10.0	0.026785715	0.16145661	1.0	0.0	44.285713	541.0	0.0007840579710144928	-1.4573965	1.6292967	2.142843	-9.856722	0.04162329	0.12581623	0.9455547	-0.120342016	1.6795203e-09	-0.0013357063	2.0742417e-09	-0.0015016252	0.79845554	-0.44728985	0.017513355	-0.009354815	16.335293	1.8654327	44.0	0.3676019	0.013464607	690000	59834.30281162262
138	-3.4207208	1.5492002	-0.4	-10.0	0.009009009	0.094487295	1.0	0.0	45.00901	542.0	0.0007798561151079136	-1.3728006	1.4558289	1.2949426	-8.273382	0.019718448	0.04311352	0.40148166	-0.110185504	1.3532946e-09	-0.0004713218	1.0818243e-09	-0.0005635902	0.5132024	-0.3011241	0.005361684	-0.0035435115	18.200726	0.37970543	79.0	0.356166	0.0046429946	695000	60200.96796011925
139	-3.3043861	1.9503661	-0.4	-10.0	0.00877193	0.09324689	1.0	0.0	43.657894	543.0	0.0007757142857142857	-1.2715584	1.3908014	1.0901626	-6.5078783	0.013976893	0.07405296	0.9092008	-0.14919375	-1.1761526e-09	-0.00074037904	-5.722046e-10	-0.0006296368	0.5756509	-0.28123817	0.010815607	-0.0072420174	18.580431	-0.16174316	79.0	0.35195822	0.009889619	700000	60568.556589603424
140	-3.7384615	1.9892164	-0.5	-10.0	0.03846154	0.19230768	1.0	0.0	47.64423	547.0	0.000775886524822695	-1.663256	1.634176	1.8101516	-8.685322	0.019732276	0.07865774	1.1157097	-0.06792648	2.2048727e-10	-0.0005619237	2.3245811e-10	-0.00083023246	0.7805007	-0.29589894	0.022530163	-0.009151003	18.418688	2.802435	22.0	0.34469113	0.0155298645	705000	60937.229625701904
141	-3.6121492	1.8363776	-0.8	-10.0	0.028037382	0.16507962	1.0	0.0	46.40187	550.0	0.0007746478873239436	-1.644366	1.6243626	1.2061267	-6.8527837	0.019498033	0.050338704	0.45252472	-0.14607096	8.185976e-10	-0.00058396155	1.0728836e-09	-0.0017081617	0.7179356	-0.29646513	0.016888391	-0.006465164	21.221123	2.5397835	2.0	0.3432683	0.041649573	710000	61305.927500486374
142	-3.5247703	1.7289311	-1.1	-10.0	0.0091743115	0.09534224	1.0	0.0	45.844036	551.0	0.0007706293706293706	-1.2834476	1.3976533	2.5137272	-6.516946	0.020058682	0.06216884	0.74857944	-0.16258721	-4.785638e-10	-0.0008046676	-2.9802322e-10	-0.0011303439	0.6211625	-0.25897926	0.005497733	-0.0041892896	23.760906	0.42826653	16.0	0.30294853	0.013112073	715000	61668.83133339882
143	-3.57757	2.0141697	-0.5	-10.0	0.018691588	0.13543344	1.0	0.0	46.364487	553.0	0.0007680555555555556	-1.6971711	2.105451	1.1670482	-13.283042	0.0065241265	0.058152504	1.0773422	-0.19903027	9.013858e-10	-0.00044546204	1.0490417e-09	-0.000655093	0.6253406	-0.331658	0.011044429	-0.0031918641	24.189173	0.85640335	11.0	0.29560542	0.012647264	720000	62023.799563884735
144	-3.502752	1.79359	-0.8	-10.0	0.0	0.0	0.0	0.0	45.825687	553.0	0.0007627586206896552	-1.4323033	1.5177494	3.1017141	-8.256177	0.01314823	0.025962245	0.38100806	-0.074098386	-4.1583734e-10	-0.00026460912	-1.4305115e-10	-7.604013e-05	0.5172452	-0.27729994	0.00084186345	-0.0007556943	25.045576	-0.77874184	79.0	0.29396272	0.0035691925	725000	62379.18462061882
145	-3.3256638	1.6553361	-0.7	-10.0	0.017699115	0.13185546	1.0	0.0	43.867256	555.0	0.0007602739726027398	-1.3434972	1.4439422	1.8802335	-6.005933	-0.0003016517	0.012605529	0.0788308	-0.099806644	7.005394e-10	-0.0010003337	1.2874604e-09	-0.0011924321	0.4729873	-0.24534303	0.007982459	-0.002795159	24.266834	0.50507927	43.0	0.28463447	0.013229024	730000	62735.87540125847
146	-3.6847618	1.8551745	-0.5	-10.0	0.01904762	0.13669239	1.0	0.0	47.42857	557.0	0.0007578231292517007	-1.4523978	1.5149797	2.4098947	-6.9510636	0.011046512	0.03875011	0.99243003	-0.08166224	8.249865e-10	-0.0005103106	1.0430813e-09	-0.00083829527	0.6398964	-0.29613233	0.009415287	-0.005142365	24.771914	1.1649761	20.0	0.2864686	0.012719577	735000	63091.746299266815
147	-3.343363	1.75665	-0.6	-10.0	0.017699115	0.13185546	1.0	0.0	44.141594	559.0	0.0007554054054054054	-1.3603421	1.407467	1.433744	-5.695803	0.011055256	0.043206677	0.5572496	-0.07885138	-1.1939016e-09	-0.00060930266	-1.9311905e-09	-0.0007193257	0.5020431	-0.2176665	0.008711635	-0.0026111244	25.93689	1.0882568	43.0	0.2810587	0.012247632	740000	63449.927322387695
148	-3.7548077	2.0252674	-0.9	-10.0	0.01923077	0.13733517	1.0	0.0	47.91346	561.0	0.0007530201342281879	-1.6677219	1.8658148	1.798069	-10.421462	0.01155744	0.049344137	0.69147706	-0.14330901	-4.0817968e-10	-0.0005420333	1.9073486e-10	-0.00081438443	0.8363002	-0.3994911	0.010566518	-0.0076001137	27.025146	1.2254562	24.0	0.2806955	0.013922305	745000	63805.9097776413
149	-3.5256877	2.1117585	-0.3	-10.0	0.0091743115	0.09534224	1.0	0.0	45.752293	562.0	0.0007493333333333333	-1.4432348	1.5092468	2.1617398	-7.6947575	0.023083813	0.121283576	1.2185478	-0.096441075	-5.847315e-10	-0.0009071095	-3.218651e-10	-0.0013464501	0.9753838	-0.6075143	0.006982869	-0.0032804569	28.250603	0.19934654	31.0	0.28741983	0.013180503	750000	64160.04907512665
