Epoch	AverageEpRet	StdEpRet	MaxEpRet	MinEpRet	AverageEpCost	StdEpCost	MaxEpCost	MinEpCost	EpLen	CumulativeCost	CostRate	AverageVVals	StdVVals	MaxVVals	MinVVals	AverageCostVVals	StdCostVVals	MaxCostVVals	MinCostVVals	LossPi	DeltaLossPi	SurrCost	DeltaSurrCost	LossV	DeltaLossV	LossVC	DeltaLossVC	Penalty	DeltaPenalty	StopIter	Entropy	KL	TotalEnvInteracts	Time
0	-2.395679	2.1086345	-0.4	-10.0	0.4074074	0.4913518	1.0	0.0	30.47531	66.0	0.0132	-0.47617042	0.24860209	0.08991613	-1.0519565	-0.068948716	0.2536623	0.5553958	-0.701842	-1.6403199e-08	-0.0019466818	-2.450943e-08	-0.0042585908	3.5104735	-1.6709892	0.28176522	-0.18876913	10.0	2.000965	4.0	1.00449	0.019333515	5000	476.08888936042786
1	-4.9034486	3.0974386	-0.6	-10.0	0.1954023	0.3965101	1.0	0.0	56.367817	83.0	0.0083	-1.6040906	0.62225753	0.5316065	-4.096235	0.09337256	0.13884212	0.88893837	-0.19532673	-9.974513e-10	-0.0015637471	2.2172928e-09	-0.0018040574	4.2245045	-1.9686489	0.04286369	-0.008264922	12.000965	1.3421888	13.0	0.98287296	0.013585446	10000	962.976199388504
2	-4.622826	2.746385	-0.4	-10.0	0.19565217	0.39670187	1.0	0.0	54.239132	101.0	0.006733333333333333	-2.718485	1.3381356	1.3293632	-6.37162	0.06510086	0.09928973	0.5978409	-0.12107871	-3.5722435e-11	-0.0007459556	-3.8146972e-10	0.00051496195	2.4368446	-0.55485904	0.040363245	-0.0050293095	13.343154	1.297535	8.0	0.9993185	0.013542114	15000	1447.9328479766846
3	-2.964179	1.920409	-0.3	-10.0	0.31343284	0.46388865	1.0	0.0	37.19403	143.0	0.00715	-2.0805688	1.5176508	1.927832	-5.5811424	0.101972856	0.13796814	1.1151145	-0.178631	-2.3937146e-09	-0.0010666423	-2.7656555e-09	-0.0027316138	1.7729398	-0.7732779	0.079981446	-0.011498608	14.640689	2.0019999	12.0	0.99409765	0.016362084	20000	1932.8966867923737
4	-3.9382348	2.1190102	-0.4	-10.0	0.11764706	0.32218972	1.0	0.0	48.764706	155.0	0.0062	-1.4475565	1.17764	1.7263798	-4.348269	0.0847211	0.1343569	0.9017236	-0.22321224	1.7258696e-10	-0.00084266847	2.861023e-10	-0.0006476289	1.3601866	-0.4060853	0.05881502	-0.016928658	16.642689	1.1261559	10.0	0.9538594	0.0140317995	25000	2420.7677526474
5	-3.2747898	1.6401588	-0.4	-7.5	0.19327731	0.39486852	1.0	0.0	41.806725	178.0	0.005933333333333333	-1.826383	1.4050812	1.9990008	-5.2890306	0.06758968	0.07569959	0.43093506	-0.15798911	-5.265546e-09	-0.001151833	-4.6253206e-09	-0.0021501998	0.86008245	-0.35366458	0.05801776	-0.012080964	17.768845	1.3542881	12.0	0.8766453	0.016602773	30000	2912.2648463249207
6	-4.077551	2.1648176	-0.3	-10.0	0.091836736	0.28879535	1.0	0.0	50.316326	187.0	0.005342857142857143	-1.4681792	1.2362472	1.9207935	-4.2585344	0.08453182	0.12690507	0.82234305	-0.21315922	-2.4271944e-09	-0.0005610736	-2.5391578e-09	4.23478e-05	1.1072628	-0.3169706	0.033648394	-0.0062155593	19.123133	0.89193916	12.0	0.80834514	0.01447616	35000	3402.160774707794
7	-3.7169812	2.0707064	-0.4	-10.0	0.0754717	0.26415095	1.0	0.0	47.0283	195.0	0.004875	-1.8983451	1.5241348	2.1285555	-5.4427123	0.05530982	0.08605924	0.5500962	-0.12121131	4.268502e-10	-0.0009789467	3.8146972e-10	-0.0012472441	1.0171165	-0.20145422	0.028823342	-0.0049520656	20.015072	0.6427727	48.0	0.77215254	0.012441831	40000	3886.597270965576
8	-3.8611653	2.1223376	-0.4	-10.0	0.106796116	0.30885383	1.0	0.0	48.00971	206.0	0.004577777777777778	-1.74147	1.4631331	1.9231952	-7.968261	0.035398535	0.060636085	0.43729317	-0.08247036	-8.118842e-10	-0.00043765287	-4.1723253e-10	-0.0013468607	1.1682209	-0.12844408	0.038019385	-0.0045489036	20.657845	0.8867607	8.0	0.7705214	0.018476108	45000	4370.463256120682
9	-4.012121	2.165257	-0.6	-10.0	0.030303031	0.17141984	1.0	0.0	50.232323	209.0	0.00418	-1.6453973	1.5279988	1.9114571	-8.505477	0.04434475	0.06727852	0.3716816	-0.21672653	1.4586983e-09	-0.0008319753	1.2785196e-09	-0.0007152679	1.2182164	-0.29734403	0.012465888	-0.0031413157	21.544605	0.38267326	79.0	0.7366552	0.011969053	50000	4863.2979056835175
10	-4.468478	2.388693	-0.5	-10.0	0.054347824	0.22670278	1.0	0.0	54.25	214.0	0.0038909090909090907	-2.084329	1.6108179	1.8191942	-5.9871	0.015710734	0.03630463	0.25915077	-0.08258987	7.829441e-11	-0.000301646	5.6028365e-10	-0.00078055984	1.8183732	-0.25755858	0.01869588	-0.0018625576	21.927279	0.4349575	8.0	0.74517673	0.013863119	55000	5348.592645168304
11	-4.8114944	2.368977	-1.1	-10.0	0.022988506	0.14986672	1.0	0.0	57.471264	216.0	0.0036	-2.109993	1.7304261	2.4166267	-6.440213	0.022686722	0.04197977	0.27494156	-0.06728001	-7.1614076e-11	-0.0005520562	-1.4305115e-10	-0.0004534174	2.453305	-0.4899509	0.009937827	-0.0012708269	22.362236	0.22578621	79.0	0.7644482	0.009027706	60000	5833.824015140533
12	-4.2999997	2.43996	-0.3	-10.0	0.021276595	0.14430489	1.0	0.0	52.712765	218.0	0.003353846153846154	-2.248473	1.9323255	2.343165	-7.6079187	0.013333606	0.038156737	0.22940809	-0.12555394	-1.0749287e-10	-0.0006531165	-5.00679e-10	-0.0004607175	1.7526971	-0.3239175	0.007913047	-0.00053768745	22.588022	0.13411903	79.0	0.7179998	0.009420764	65000	6321.586015224457
13	-3.95	2.1629379	-0.9	-10.0	0.06	0.23748685	1.0	0.0	49.4	224.0	0.0032	-2.2423782	1.8561742	2.3160033	-7.429664	0.021065012	0.043741047	0.2504165	-0.11825081	4.6460935e-10	-0.00064289966	4.053116e-10	-0.00048786367	1.6165315	-0.3167522	0.023886856	-0.0027190037	22.722141	0.52313614	79.0	0.77031434	0.008735524	70000	6800.765779972076
14	-4.0030303	1.8531685	-0.4	-10.0	0.07070707	0.25633493	1.0	0.0	50.141415	231.0	0.00308	-2.0003996	1.6678442	1.919118	-7.047483	0.026633728	0.0635665	0.381124	-0.11378512	-4.993988e-10	-0.00024356045	-4.4703483e-10	-0.0009189048	1.188434	-0.3113668	0.028828036	-0.007542718	23.245277	0.7812462	6.0	0.7202131	0.015948692	75000	7281.385512113571
15	-4.22	1.976259	-0.4	-10.0	0.042105265	0.20082934	1.0	0.0	52.389473	235.0	0.0029375	-1.6284412	1.5070546	1.6206995	-6.065594	0.040139515	0.09699425	0.5129655	-0.14212622	2.234787e-09	-0.0002541594	1.6450882e-09	-0.00030096553	1.3630617	-0.29770136	0.023427874	-0.0076203756	24.026524	0.53549004	12.0	0.6954278	0.014079558	80000	7763.737681627274
16	-4.325806	2.0949967	-0.6	-10.0	0.032258064	0.17668472	1.0	0.0	53.430107	238.0	0.0028	-2.0745294	1.6422234	2.2951102	-7.3088007	0.025043426	0.06977907	0.50642186	-0.11747707	-3.3553169e-10	-0.00021748767	-1.16229054e-10	-9.97451e-05	1.4004093	-0.26618886	0.009514312	-0.0012842389	24.562014	0.35629845	7.0	0.6719157	0.011481288	85000	8242.241486787796
17	-4.203125	2.169507	-0.9	-10.0	0.083333336	0.2763854	1.0	0.0	51.541668	246.0	0.0027333333333333333	-2.0476842	1.6059142	2.100291	-6.9776654	0.013352994	0.043577246	0.38374928	-0.08674668	2.0032602e-09	-0.0004021518	2.1219253e-09	-0.0011119038	1.258936	-0.3300131	0.029345263	-0.00754964	24.918312	0.9347267	5.0	0.65353185	0.022418752	90000	8728.120551109314
18	-3.7295241	1.9249699	-0.3	-10.0	0.07619048	0.26530266	1.0	0.0	47.352383	254.0	0.002673684210526316	-1.6750213	1.7307273	1.762408	-9.1732435	0.04859375	0.11565672	0.89415205	-0.14762199	-2.0644418e-10	-0.0008696939	-7.2717665e-10	-0.00090339954	0.9921844	-0.20026135	0.025605062	-0.00490373	25.853039	1.0482788	33.0	0.6693288	0.0128306	95000	9213.450731992722
19	-4.452748	2.0512843	-1.1	-10.0	0.043956045	0.20499735	1.0	0.0	54.56044	258.0	0.00258	-1.7730551	1.5577574	1.1974753	-5.8251843	0.046119515	0.08847266	0.8039338	-0.1044538	1.622559e-09	-0.00079629343	1.3709068e-09	-0.0010229547	1.3414456	-0.33136094	0.017438762	-0.0038499516	26.901318	0.65774727	36.0	0.6390898	0.012793543	100000	9687.242849349976
20	-4.593259	2.2837875	-1.4	-10.0	0.033707865	0.18047619	1.0	0.0	55.573032	261.0	0.0024857142857142855	-1.9839367	1.691466	1.4997723	-7.217532	0.02422807	0.06401355	0.5131868	-0.1481075	-1.388257e-09	-0.0009248983	-2.7418137e-10	-0.0010195983	1.6731135	-0.2877419	0.014960678	-0.0024131378	27.559065	0.4322796	53.0	0.6314931	0.013971933	105000	10130.014271497726
21	-4.211458	1.8166975	-0.4	-10.0	0.052083332	0.2221951	1.0	0.0	52.083332	266.0	0.002418181818181818	-2.1755428	1.8775755	1.4471942	-10.223678	0.030976545	0.07061629	0.61350167	-0.13843636	7.54762e-10	-0.00046303106	6.079674e-10	-0.0007333878	0.9905662	-0.24208504	0.021905335	-0.007357781	27.991344	0.65019035	11.0	0.70019054	0.013147833	110000	10573.210992097855
22	-4.465555	2.1110902	-0.4	-10.0	0.044444446	0.20608039	1.0	0.0	54.922222	270.0	0.0023478260869565218	-1.7817211	1.5946318	1.5684121	-6.484996	0.05220244	0.10889179	0.76555806	-0.22269604	-6.9382694e-10	-0.00052992353	-6.9141387e-10	-0.0006336049	0.5000653	-0.1372189	0.022857632	-0.007083662	28.641535	0.6347618	10.0	0.7454792	0.0156121785	115000	11013.924486875534
23	-4.309678	2.03824	-0.3	-10.0	0.032258064	0.17668472	1.0	0.0	53.387096	273.0	0.002275	-1.7703502	1.5981874	1.5917841	-6.8199825	0.02316066	0.060825743	0.6124961	-0.19264826	4.2449871e-10	-0.00064722635	1.1324883e-10	-0.00079267204	0.399744	-0.051876634	0.014229451	-0.002266924	29.276297	0.45332146	34.0	0.7014383	0.012320824	120000	11454.528231859207
24	-4.042857	2.1089218	-0.5	-10.0	0.010204081	0.10049855	1.0	0.0	50.642857	274.0	0.002192	-1.6851	1.5265435	1.2219296	-6.221339	0.03913143	0.09883879	0.7750773	-0.115265414	-3.5412567e-10	-0.0005892105	-4.4703483e-10	-0.0004032092	0.6726764	-0.144764	0.011432511	-0.0068133036	29.729618	0.08682442	79.0	0.7219363	0.012140059	125000	11897.93793463707
25	-4.428571	2.1378992	-0.7	-10.0	0.021978023	0.1466117	1.0	0.0	54.56044	276.0	0.0021230769230769233	-1.8706998	1.6800439	1.5012755	-8.355755	0.009555649	0.032013204	0.3552383	-0.11003122	1.2072551e-11	-0.00057005597	4.4107437e-10	-0.00054260273	0.7922867	-0.15543091	0.009558527	-0.002048079	29.816442	0.18175888	22.0	0.67256844	0.013200441	130000	12340.939128160477
26	-4.1113405	1.9889321	-0.3	-10.0	0.020618556	0.14210358	1.0	0.0	51.54639	278.0	0.0020592592592592594	-1.696632	1.5676184	1.1113728	-7.030271	0.019379703	0.04119948	0.34762624	-0.15016368	-1.957609e-10	-0.00026481424	2.682209e-10	-0.000103970866	0.5718746	-0.122583985	0.010839455	-0.0033663637	29.998201	0.21548843	17.0	0.668525	0.013595051	135000	12779.717452764511
27	-3.9700003	2.1047328	-0.6	-10.0	0.03	0.17058721	1.0	0.0	49.82	281.0	0.002007142857142857	-1.8636961	1.8121055	1.5358166	-7.717202	0.01197553	0.049025774	0.44958457	-0.08142258	6.6085254e-10	-0.0007513807	4.1127204e-10	-0.0006847483	0.5726534	-0.15426973	0.012674648	-0.0024601212	30.21369	0.3628826	44.0	0.69222736	0.01268042	140000	13222.619895219803
28	-3.99596	1.9980757	-0.7	-10.0	0.02020202	0.14069079	1.0	0.0	50.29293	283.0	0.0019517241379310344	-1.8196012	1.7567098	1.9435804	-8.2222	0.016281595	0.042705365	0.64864296	-0.068974465	-5.720754e-10	-0.000634042	-4.4107437e-10	-0.00064997026	0.43832803	-0.11475304	0.011190366	-0.0025443966	30.576572	0.25817108	41.0	0.7095522	0.012334957	145000	13662.64463853836
29	-4.0489793	1.9958756	-1.0	-10.0	0.06122449	0.23974162	1.0	0.0	50.47959	289.0	0.0019266666666666666	-1.7190263	1.5905889	1.7643354	-7.435207	0.01661899	0.058627144	0.80335003	-0.06747017	-2.5854519e-10	-0.00093180715	-2.2053719e-10	-0.0011127501	0.8500756	-0.16848558	0.023788821	-0.0045200065	30.834743	0.91399956	14.0	0.69783056	0.015136008	150000	14104.296159029007
30	-3.853465	1.9870653	-0.3	-10.0	0.02970297	0.1697666	1.0	0.0	48.881187	292.0	0.0018838709677419356	-1.6494765	1.6239226	1.1345769	-8.132405	0.042700842	0.0832167	0.7789114	-0.110153735	-2.1006445e-09	-0.00030770534	-1.7642975e-09	-0.0002860761	0.6213321	-0.15497771	0.015758945	-0.005242306	31.748743	0.5876217	6.0	0.72702634	0.016253158	155000	14544.814532518387
31	-3.7883499	1.6091547	-0.4	-10.0	0.029126214	0.16816027	1.0	0.0	48.45631	295.0	0.00184375	-1.8103226	1.7900195	1.3140539	-9.795146	0.0181799	0.06589532	0.7742562	-0.43831202	2.6227995e-10	-8.543057e-05	4.768372e-10	-1.8544197e-06	0.46610108	-0.22105812	0.012855814	-0.0024995366	32.336365	0.44044495	7.0	0.72963	0.01207095	160000	14990.335642814636
32	-3.9257424	1.910039	-0.5	-10.0	0.02970297	0.1697666	1.0	0.0	49.49505	298.0	0.001806060606060606	-1.6358908	1.6245294	1.4577242	-7.1658974	0.017043889	0.06430708	0.52335656	-0.13309607	-5.439966e-10	-0.00036597307	-3.2782554e-10	-0.00030351154	0.5374201	-0.16631961	0.012000245	-0.0017963601	32.77681	0.45671463	17.0	0.68879783	0.014430225	165000	15435.734929084778
33	-3.8116503	2.1668868	-0.5	-10.0	0.058252428	0.23422013	1.0	0.0	48.15534	304.0	0.0017882352941176471	-1.8286656	1.8683622	1.2954376	-8.067675	0.023500906	0.072630316	0.5481237	-0.25096822	1.0098072e-09	-0.00016677992	8.106232e-10	-0.0002832909	0.80815756	-0.28690004	0.015517575	-0.0042543067	33.233524	1.0020142	5.0	0.691638	0.017219076	170000	15875.208894491196
34	-3.1932776	1.71257	-0.3	-10.0	0.1092437	0.31194472	1.0	0.0	41.638657	317.0	0.0018114285714285715	-1.416536	1.4620788	1.1681328	-7.3453913	0.030971637	0.11630716	1.024283	-0.15265347	2.9748498e-10	-0.00019138733	1.66893e-10	-0.000155868	0.8116582	-0.23643345	0.057913378	-0.023875654	34.23554	2.1040154	6.0	0.70991784	0.012732399	175000	16321.110578775406
35	-3.2805088	1.8462173	-0.6	-10.0	0.13559322	0.34235612	1.0	0.0	42.033897	333.0	0.00185	-1.6649665	1.6981603	1.4534379	-7.8792057	0.06629244	0.112712726	0.6831269	-0.19795488	1.4346094e-10	-0.00087863574	4.7683715e-11	-0.0012870914	1.3878375	-0.39377618	0.04843914	-0.009939581	36.339554	2.8034973	5.0	0.71398675	0.023681965	180000	16767.355388879776
36	-3.5225222	1.9956567	-0.4	-10.0	0.08108108	0.27295956	1.0	0.0	44.936935	342.0	0.0018486486486486487	-1.7989218	2.0687184	1.4825875	-12.436333	0.06684984	0.11527231	0.6688563	-0.18300155	6.007129e-10	-0.00046210393	5.722046e-10	-0.00062533235	0.7074331	-0.21578017	0.02814878	-0.004214555	39.14305	1.9280357	13.0	0.6651811	0.015145177	185000	17211.655022382736
37	-3.6924527	1.962031	-1.0	-10.0	0.056603774	0.23108393	1.0	0.0	47.09434	348.0	0.001831578947368421	-1.6712039	1.7964333	1.5027544	-11.179028	0.06602074	0.10850386	0.67340887	-0.13721639	1.6830198e-09	-0.0005827461	1.2874604e-09	-0.0007056451	0.93654704	-0.2877788	0.029528024	-0.0064918585	41.071087	1.227993	22.0	0.7439831	0.014016778	190000	17656.050262212753
38	-3.2886958	1.671592	-0.3	-10.0	0.04347826	0.20393112	1.0	0.0	43.408695	353.0	0.0018102564102564103	-1.5064462	1.8483145	1.3410606	-10.382283	0.033869427	0.091601774	0.7553393	-0.20905754	-6.666354e-10	-0.0006916542	-6.9141387e-10	-0.0009925077	0.48698944	-0.2339929	0.022813285	-0.01498696	42.29908	0.8748398	8.0	0.7565736	0.017779978	195000	18100.304574728012
39	-3.7673075	1.8405917	-0.9	-10.0	0.03846154	0.19230768	1.0	0.0	47.932693	357.0	0.001785	-1.369032	1.3905734	1.4272194	-8.037857	0.029914377	0.099259764	0.8942569	-0.31898603	8.000164e-10	-0.0005066515	8.5830687e-10	-0.00060286396	0.9945991	-0.31224453	0.018003754	-0.007049756	43.17392	0.7262306	6.0	0.73762304	0.016166229	200000	18547.11829829216
40	-3.5831776	1.6855896	-1.2	-10.0	0.009345794	0.09622084	1.0	0.0	46.523365	358.0	0.0017463414634146341	-1.6525574	1.7964337	1.5910248	-10.187825	0.02255198	0.070474625	0.6562589	-0.14318104	2.713404e-10	-0.00021525266	2.384186e-10	-0.00061989686	0.62691975	-0.31142956	0.008278816	-0.0042565484	43.90015	0.14508438	5.0	0.7029078	0.025127688	205000	18990.024799585342
41	-3.6885712	1.7320131	-0.7	-10.0	0.00952381	0.09712419	1.0	0.0	47.466667	359.0	0.0017095238095238094	-1.420996	1.4409778	1.2185838	-6.9767838	0.012397066	0.042045936	0.46442252	-0.08733467	-1.3036022e-10	-0.00025480328	-1.5497208e-10	-0.0002971562	0.6427078	-0.28811437	0.0060401345	-0.0006533852	44.045235	-0.010593414	6.0	0.70712334	0.018082192	210000	19432.173536539078
42	-3.8782177	1.9952223	-1.2	-10.0	0.01980198	0.13931929	1.0	0.0	49.12871	361.0	0.0016790697674418605	-1.976698	2.0679283	2.3291926	-11.16843	0.022545751	0.061728682	0.45111284	-0.07245447	-1.558675e-09	-0.00047785905	-1.4901161e-09	-0.0006971713	0.8448914	-0.35866994	0.01137245	-0.0034147883	44.03464	0.19902802	17.0	0.6866877	0.013086682	215000	19878.23221063614
43	-4.165625	2.0137458	-1.3	-10.0	0.020833334	0.14282614	1.0	0.0	51.96875	363.0	0.00165	-1.5544218	1.6216644	2.2700005	-9.314651	0.021399021	0.054473538	0.5395676	-0.08156464	3.4003106e-11	-0.00011294796	2.5629998e-10	-9.912075e-05	1.0414798	-0.40863365	0.007053508	-0.0016043945	44.23367	0.28573608	5.0	0.67463964	0.013841653	220000	20316.93615627289
44	-3.5472224	1.6244919	-1.1	-10.0	0.018518519	0.13481687	1.0	0.0	46.064816	365.0	0.0016222222222222222	-1.6109647	1.5415568	2.0255728	-8.650196	0.01663545	0.05363784	0.5348219	-0.10773814	-8.451109e-10	-0.0008873215	-6.198883e-10	-0.0011650933	0.8662761	-0.41317716	0.007253893	-0.0020208037	44.519405	0.25294495	43.0	0.6776259	0.013201792	225000	20760.885233163834
45	-3.9257429	2.1887946	-1.3	-10.0	0.01980198	0.13931929	1.0	0.0	49.27723	367.0	0.0015956521739130434	-1.7402117	1.6757137	2.66528	-7.673859	0.028037824	0.07196023	0.5614879	-0.092003986	2.1144333e-11	-0.00011991923	-1.66893e-10	-0.00044144175	1.1897306	-0.45506662	0.007942505	-0.0012245746	44.77235	0.27059555	6.0	0.6599893	0.01118401	230000	21204.146957874298
46	-4.16	2.0637422	-0.7	-10.0	0.0	0.0	0.0	0.0	52.252632	367.0	0.0015617021276595744	-2.0524323	2.0593143	2.2832286	-11.558679	0.022491992	0.053137112	0.45373845	-0.089281954	7.979462e-10	-0.00045924907	9.596348e-10	-0.00046516777	1.0379477	-0.63489294	0.0018847187	-0.0011908067	45.042946	-0.16482162	79.0	0.63198227	0.010809351	235000	21640.03902053833
47	-3.5675924	1.9491131	-1.5	-10.0	0.009259259	0.09577852	1.0	0.0	46.166668	368.0	0.0015333333333333334	-1.6626729	1.7908797	2.0523014	-8.99936	0.0034768498	0.016167566	0.20166264	-0.05388079	4.9777615e-10	-0.00031566015	3.218651e-10	-0.00052337727	1.1008968	-0.55769	0.0024379871	-0.00038013374	44.878124	-0.08030701	11.0	0.6226522	0.015116763	240000	22085.96742749214
48	-3.2842102	1.5042384	-0.9	-10.0	0.0	0.0	0.0	0.0	43.649124	368.0	0.0015020408163265305	-1.4338645	1.6622269	2.3466094	-8.76214	0.0019016685	0.018530402	0.17975809	-0.06312545	2.8361208e-10	-0.00017693182	1.05798245e-10	-6.794627e-05	0.437675	-0.1709804	0.00018452924	-7.8502046e-05	44.797817	-0.24632263	79.0	0.58640313	0.0063827746	245000	22531.227458000183
49	-3.798058	1.9320987	-1.4	-10.0	0.009708738	0.09805343	1.0	0.0	48.4466	369.0	0.001476	-1.5948129	1.5578178	2.8816795	-6.784067	0.007052108	0.03193366	0.2689808	-0.08602031	6.3152933e-10	-0.00047065053	6.735325e-10	-0.0005785828	1.0475382	-0.48758447	0.007022536	-0.0012280252	44.551495	-0.07486725	19.0	0.59334975	0.012321025	250000	22976.71667408943
50	-3.8533976	2.3406005	-1.1	-10.0	0.019417476	0.1379871	1.0	0.0	48.46602	371.0	0.0014549019607843136	-2.0940304	2.6361682	2.9849002	-12.401496	0.015607187	0.034400146	0.23924495	-0.15297014	4.3762866e-10	-0.00012238733	3.874302e-10	-0.00045401845	1.6077918	-0.84292936	0.00988645	-0.0011677966	44.476627	0.23060226	4.0	0.6010128	0.020226322	255000	23424.01349759102
51	-3.629245	1.9623324	-1.0	-10.0	0.0	0.0	0.0	0.0	46.773586	371.0	0.001426923076923077	-1.7015886	1.9764781	2.2644346	-10.909845	0.014222513	0.030024901	0.14784059	-0.046405192	-2.612943e-10	-0.00025004646	-2.7567149e-10	-8.9054854e-05	0.727129	-0.32737386	0.0008295522	-0.0006821215	44.70723	-0.19396591	79.0	0.5961155	0.0065086717	260000	23868.16415643692
52	-3.6457145	1.6713284	-1.0	-10.0	0.00952381	0.09712419	1.0	0.0	47.24762	372.0	0.0014037735849056605	-1.4753784	1.5428569	2.1896102	-8.721585	4.9646234e-05	0.00859488	0.04173655	-0.043947354	4.7949583e-10	-0.0001960629	3.874302e-10	-0.00010347651	0.50995564	-0.14730617	0.0030869877	-0.00012912555	44.513264	-0.08519745	16.0	0.57604533	0.013452783	265000	24312.89932179451
53	-3.8470588	2.1371002	-0.8	-10.0	0.029411765	0.1689577	1.0	0.0	48.715687	375.0	0.001388888888888889	-1.7277613	1.8145267	1.2841426	-12.004414	0.009389172	0.015785184	0.091879964	-0.03106736	5.9050176e-10	-0.00013024155	2.861023e-10	-0.000105323	1.1739494	-0.45907444	0.018835736	-0.003601133	44.428066	0.50915146	4.0	0.57381064	0.014370465	270000	24755.030277729034
54	-3.9383838	2.049967	-1.2	-10.0	0.0	0.0	0.0	0.0	49.939392	375.0	0.0013636363636363637	-2.0282574	2.309879	1.5283356	-12.065363	0.031989604	0.047976892	0.22910884	-0.14508201	1.4910441e-10	-0.0003925231	2.2351741e-10	-0.00032892794	1.2229834	-0.5912615	0.0029283024	-0.002633744	44.937218	-0.12770462	79.0	0.5646829	0.012029785	275000	25195.241599798203
55	-3.4450452	2.0024643	-0.5	-10.0	0.018018018	0.13301642	1.0	0.0	44.855854	377.0	0.0013464285714285713	-1.984102	2.3017697	1.2711587	-11.151128	0.0048002284	0.021342449	0.22234447	-0.13051297	-1.2109099e-09	-0.0006558006	-1.0788441e-09	-0.0007887937	1.3429062	-0.64978963	0.009571183	-0.0036479533	44.809513	0.14640808	22.0	0.6127664	0.0139979245	280000	25639.586884260178
56	-3.4562497	2.0216146	-0.9	-10.0	0.071428575	0.2575394	1.0	0.0	44.285713	385.0	0.001350877192982456	-1.5863523	1.7457929	2.7795236	-9.259834	0.018640699	0.055500202	0.7305368	-0.07671997	9.1347055e-11	-0.00066074415	5.00679e-10	-0.0012880547	1.0595037	-0.34530175	0.0313232	-0.008419523	44.95592	1.7709618	4.0	0.5541614	0.029987693	285000	26083.523634433746
57	-3.500926	1.9891602	-0.8	-10.0	0.009259259	0.09577851	1.0	0.0	45.5	386.0	0.0013310344827586207	-1.8329344	2.3231425	1.8262079	-12.142684	0.029095966	0.06949123	0.7448533	-0.09293467	-9.704333e-10	-2.8401782e-05	-7.748604e-10	-0.00030747746	1.4805713	-0.8087615	0.0074948897	-0.0051192585	46.726883	0.46163177	4.0	0.5668843	0.016657325	290000	26523.929706335068
58	-3.7142856	2.0066283	-0.9	-10.0	0.03809524	0.1914262	1.0	0.0	47.409523	390.0	0.0013220338983050849	-1.6128469	1.634552	1.6581025	-9.810084	0.008701351	0.028239546	0.5514423	-0.062399715	2.1584515e-10	-0.0007142936	-1.2516975e-10	-0.0008171984	1.3683197	-0.93391144	0.009362472	-0.002325018	47.188515	0.80740356	8.0	0.6006406	0.015895663	295000	26966.659767389297
59	-3.3226087	1.5717651	-0.8	-10.0	0.069565214	0.25441286	1.0	0.0	43.36522	398.0	0.0013266666666666667	-1.392434	1.4465175	2.1888354	-5.626408	0.015760528	0.07008492	0.8885635	-0.07598495	4.709939e-10	-0.00013480699	5.2452087e-10	-0.00015282953	0.33735132	-0.11247471	0.014842837	-0.004159324	47.99592	1.9416809	3.0	0.5639466	0.018169884	300000	27410.80017209053
60	-3.0096774	1.6893127	-0.8	-10.0	0.06451613	0.24567008	1.0	0.0	40.20968	406.0	0.0013311475409836066	-1.3022867	1.3341075	1.9926826	-5.153999	0.027081598	0.110378444	1.3058454	-0.10153006	-3.5152772e-10	-0.00018568069	1.1920929e-11	-0.00016149446	0.73234814	-0.27556056	0.020256545	-0.0036951173	49.9376	2.0491905	4.0	0.55130714	0.017857142	305000	27854.602316856384
61	-2.8813953	1.2833319	-0.6	-8.2	0.1007752	0.3010308	1.0	0.0	38.705425	419.0	0.0013516129032258065	-1.1790514	1.3233038	1.8850306	-6.3876004	0.022853784	0.064133786	0.7637898	-0.11872999	-2.5910953e-09	-0.000916865	-2.670288e-09	-0.0016352381	0.36944515	-0.14017162	0.02980648	-0.010234794	51.98679	2.9917183	3.0	0.5044481	0.047913145	310000	28300.958412647247
62	-3.211966	1.5575107	-1.0	-10.0	0.034188036	0.1817119	1.0	0.0	42.555557	423.0	0.0013428571428571428	-1.119545	1.2218657	1.6347861	-6.2204013	0.045160953	0.14135519	1.0716136	-0.1024737	-1.4572638e-09	-0.0011122538	-1.0848046e-09	-0.0019306947	0.6955093	-0.26253423	0.01788983	-0.0107777845	54.978508	1.3905792	2.0	0.5126041	0.06370755	315000	28746.657468557358
63	-3.5906541	2.0294347	-1.3	-10.0	0.0	0.0	0.0	0.0	46.495327	423.0	0.001321875	-1.492849	1.8008586	1.9253659	-9.5001745	0.00699235	0.04017941	0.80806726	-0.16352218	-3.0912017e-10	0.00030672277	1.1920929e-11	0.00016184762	1.1937253	-0.8040738	0.0014133605	-0.0012360435	56.369087	-0.08154678	8.0	0.5250291	0.021715589	320000	29188.85279750824
64	-3.7085714	2.138496	-0.7	-10.0	0.01904762	0.13669239	1.0	0.0	47.352383	425.0	0.0013076923076923077	-2.0107026	2.3565843	1.1986955	-10.871257	0.0015621332	0.015816988	0.11853567	-0.065531485	-2.4083818e-10	-1.0206393e-05	-1.4007091e-10	1.2847486e-05	1.329641	-0.6275703	0.010639569	-0.0009955224	56.28754	0.18574905	4.0	0.51595557	0.015184079	325000	29630.078343629837
65	-3.2964914	1.7088997	-0.9	-10.0	0.01754386	0.13128623	1.0	0.0	43.57895	427.0	0.001293939393939394	-1.7062682	2.0154173	1.7118669	-11.12437	0.019428924	0.027403222	0.1610142	-0.08357284	-7.9865947e-10	-0.00040762234	-6.67572e-10	-0.0004901299	0.7542645	-0.3250462	0.008060171	-0.00048589054	56.47329	0.299469	65.0	0.4822379	0.0122138355	330000	30076.03047299385
66	-3.1033332	1.594048	-0.9	-10.0	0.016666668	0.12801908	1.0	0.0	41.666668	429.0	0.001280597014925373	-1.4741544	1.8698622	1.1201959	-9.666035	0.012897291	0.015543162	0.1255108	-0.037989456	6.752063e-11	-6.438956e-05	-1.1920929e-11	-0.00013355515	0.96753526	-0.29354358	0.00472853	-0.00021983776	56.77276	0.26765442	5.0	0.47823647	0.021051893	335000	30523.632006645203
67	-3.182759	1.5697725	-0.5	-10.0	0.00862069	0.0924466	1.0	0.0	42.63793	430.0	0.0012647058823529412	-1.3928869	1.7127497	1.1754196	-10.159089	0.007447183	0.012671411	0.09287797	-0.040583305	8.681656e-10	-0.0001672339	8.5830687e-10	-0.00035692763	0.6718752	-0.14585298	0.0054379	-0.00029382715	57.040413	0.015987396	7.0	0.47893247	0.015738757	340000	30969.104395866394
68	-3.3624997	1.560284	-0.7	-10.0	0.008928572	0.094068326	1.0	0.0	44.42857	431.0	0.0012492753623188405	-1.282807	1.3844131	2.3996677	-5.1793375	0.005450618	0.013095414	0.05668905	-0.050036933	-5.425755e-10	-0.00023594406	-2.9802322e-10	-0.0002875174	0.28984806	-0.090318754	0.0056351754	-0.00042684842	57.0564	-0.045108795	54.0	0.5064886	0.012257244	345000	31412.958218097687
69	-3.0766668	1.3547283	-1.1	-8.1	0.016666668	0.12801908	1.0	0.0	41.583332	433.0	0.0012371428571428572	-1.1448072	1.2596412	1.0214108	-4.9490047	0.006600098	0.016725985	0.10577	-0.032748014	4.176737e-10	-0.0005561577	5.722046e-10	-0.00072497234	0.2797196	-0.06801574	0.010884593	-0.004533077	57.01129	0.20817184	30.0	0.47797734	0.013034168	350000	31855.690798044205
70	-3.3210528	1.7245632	-1.1	-10.0	0.01754386	0.13128623	1.0	0.0	43.72807	435.0	0.0012253521126760563	-1.331584	1.459658	1.3358028	-8.080994	0.02037949	0.047580004	0.32355866	-0.07428342	1.8751892e-10	-0.00026242872	-1.192093e-10	-0.00056828244	0.86174256	-0.4916236	0.009961639	-0.0017054221	57.219463	0.31101227	3.0	0.50888145	0.024281843	355000	32299.417118549347
71	-3.2877195	1.8322233	-0.5	-10.0	0.0	0.0	0.0	0.0	43.58772	435.0	0.0012083333333333334	-1.4273784	1.7199341	1.835401	-10.419238	0.014245858	0.028584965	0.19445843	-0.265949	1.4518349e-10	-0.0005195124	1.3113022e-10	-0.000713338	0.7208255	-0.375204	0.000812755	-0.00061158906	57.530476	-0.26485825	72.0	0.48970646	0.013543872	360000	32747.527158260345
72	-3.5000005	1.8420173	-1.1	-10.0	0.018348623	0.1342086	1.0	0.0	45.495415	437.0	0.0011972602739726028	-1.4653277	1.7913235	1.5800574	-11.525388	0.0028791507	0.015203622	0.1541983	-0.05941702	-2.3302715e-10	-9.365226e-05	-6.556511e-11	-0.0003374152	0.6623763	-0.22585914	0.0084609715	-0.00043935142	57.265617	0.19291306	4.0	0.56189764	0.020733036	365000	33188.76499438286
73	-3.3392856	1.5287341	-0.6	-8.7	0.008928572	0.09406832	1.0	0.0	44.294643	438.0	0.0011837837837837839	-1.3525203	1.5641425	1.1341689	-11.376535	0.010141523	0.017041849	0.13532929	-0.055370703	-1.9161821e-10	-0.00017069935	-9.536743e-11	-9.602326e-05	0.38070625	-0.15973665	0.0025311902	-0.00027549034	57.45853	0.03935623	79.0	0.55604297	0.0063263094	370000	33632.78341770172
74	-3.3963964	1.890704	-1.0	-10.0	0.009009009	0.09448729	1.0	0.0	44.666668	439.0	0.0011706666666666666	-1.428193	1.4667405	1.8171138	-6.218942	0.0038454873	0.012135117	0.3958775	-0.02831282	3.0968575e-10	-0.0010426907	4.1127204e-10	-0.0010685156	0.6933125	-0.24752063	0.0025636689	-0.0012575547	57.497887	-0.04563141	28.0	0.5632794	0.01368472	375000	34076.90836811066
75	-3.8715687	2.36537	-0.3	-10.0	0.0	0.0	0.0	0.0	48.7451	439.0	0.001155263157894737	-1.9062637	2.0566316	1.9535054	-9.64755	0.0044731894	0.023712248	0.40965366	-0.1495145	-7.579404e-11	-0.00084099366	3.576279e-11	-0.0010749684	1.6703957	-0.89400303	0.00035689093	-0.00027287749	57.452255	-0.37615585	21.0	0.54393137	0.01362874	380000	34524.11352062225
76	-3.6224298	2.3059173	-1.1	-10.0	0.0	0.0	0.0	0.0	46.40187	439.0	0.0011402597402597402	-1.8459234	2.1406913	1.4140153	-10.510434	0.0015298235	0.0067366096	0.048879556	-0.025324196	1.7972845e-10	-7.861681e-05	5.923212e-11	-1.460932e-05	1.3761693	-0.62752026	2.5312274e-05	-7.765e-06	57.0761	-0.48012924	79.0	0.5398987	0.004295002	385000	34966.688672065735
77	-3.702857	2.1817625	-0.9	-10.0	0.0	0.0	0.0	0.0	47.4	439.0	0.0011256410256410257	-1.987875	2.167877	1.0292511	-10.1633415	0.0017173978	0.0073681585	0.069933705	-0.03792438	-2.2712546e-10	-8.386964e-05	-1.7136336e-11	-2.9806154e-06	1.2372291	-0.48630434	3.0223047e-05	-7.883284e-06	56.59597	-0.49388123	79.0	0.5401969	0.0034288734	390000	35414.021814107895
78	-3.6923811	2.2772872	-0.5	-10.0	0.0	0.0	0.0	0.0	47.29524	439.0	0.0011113924050632912	-2.1776197	2.4023159	1.2763256	-11.307376	0.00091063156	0.0054865465	0.03186998	-0.023575831	2.5343174e-11	-5.990478e-05	4.61936e-11	-4.9542878e-06	1.0654418	-0.36531812	1.9792147e-05	-5.1324596e-06	56.10209	-0.5026474	79.0	0.55176115	0.0038106407	395000	35860.024995326996
79	-3.358772	2.0679598	-1.0	-10.0	0.01754386	0.13128623	1.0	0.0	43.81579	441.0	0.0011025	-2.0085144	2.6980383	1.3306735	-13.346804	0.003263547	0.00984816	0.083031066	-0.009062404	5.3880195e-10	-0.00030426218	4.1127204e-10	-0.0005491404	2.0732565	-1.2056522	0.010451619	-0.0034614392	55.59944	0.18692017	4.0	0.52068937	0.029585099	400000	36308.35349845886
80	-3.6074762	1.9898669	-0.3	-10.0	0.0	0.0	0.0	0.0	46.56075	441.0	0.0010888888888888888	-1.6764545	2.137282	1.2847776	-11.433871	0.021165354	0.04727862	0.41467085	-0.16219588	-2.1216351e-10	-0.00014637699	-2.9802322e-10	-0.00021291706	1.0029736	-0.5061468	0.0013359579	-0.0010465825	55.78636	-0.3206482	21.0	0.5178383	0.014307718	405000	36756.558848142624
81	-3.4990826	1.8653526	-1.1	-10.0	0.0091743115	0.09534224	1.0	0.0	45.587154	442.0	0.0010780487804878049	-1.7595915	2.02462	1.286032	-10.131787	0.005020845	0.020225111	0.3443291	-0.025619745	2.8644218e-10	-0.00020073094	1.6093255e-10	-0.00015559013	0.7554229	-0.35639325	0.0022000165	-0.00016461639	55.465714	-0.14990234	79.0	0.5202095	0.006258882	410000	37202.391072273254
82	-3.4450452	1.8722602	-0.4	-10.0	0.027027028	0.16216217	1.0	0.0	44.855854	445.0	0.001072289156626506	-1.5959193	1.9939799	1.730557	-10.107361	0.005504572	0.012942109	0.12344767	-0.02036153	-1.1762503e-09	-0.0003832819	-1.3113022e-09	-0.0005317232	0.66804755	-0.31792247	0.016726792	-0.0023018103	55.31581	0.7042427	12.0	0.51820993	0.014668826	415000	37647.06978535652
83	-3.911881	2.3250375	-1.0	-10.0	0.00990099	0.09900991	1.0	0.0	49.247524	446.0	0.001061904761904762	-2.1253316	2.5815587	0.92152816	-14.213599	0.01979686	0.040436894	0.37533402	-0.07608576	1.9573987e-10	-5.5173994e-05	1.5497208e-10	-0.00016019883	1.0809383	-0.54224926	0.0044443426	-0.0014647122	56.020054	0.19899368	6.0	0.5514236	0.011786434	420000	38090.28846907616
84	-3.442727	1.8005282	-0.9	-10.0	0.0	0.0	0.0	0.0	45.127274	446.0	0.0010494117647058823	-1.7787062	2.3329403	1.0941074	-13.120893	0.0064352257	0.013543127	0.11498114	-0.02773998	-1.0171481e-10	-0.00010851458	-1.1920929e-11	-5.885545e-05	0.8412505	-0.36205384	0.00019277104	-0.00015956738	56.219048	-0.4373665	79.0	0.5348539	0.005008234	425000	38540.49323153496
85	-4.081632	2.3100643	-0.8	-10.0	0.0	0.0	0.0	0.0	50.918365	446.0	0.0010372093023255813	-1.9172895	2.3639174	2.3859217	-12.526418	0.00389926	0.011990237	0.1082515	-0.035086073	-1.9746121e-10	-0.0004958071	2.9802324e-11	-0.00044399383	1.3107783	-0.58791614	8.2872924e-05	-2.6223945e-05	55.78168	-0.57292175	58.0	0.5340201	0.013448531	430000	38983.578886032104
86	-3.5592594	1.8899363	-1.2	-10.0	0.0	0.0	0.0	0.0	46.287037	446.0	0.0010252873563218392	-1.5905031	1.7764301	1.14695	-9.663243	0.0017122942	0.0064296294	0.06998764	-0.022186674	-8.711702e-12	-0.00015347956	-3.6507845e-11	-3.7586287e-05	0.58867365	-0.22074953	3.7281556e-05	-5.9062804e-06	55.20876	-0.5908623	79.0	0.5352378	0.0050105317	435000	39428.43266606331
87	-3.5759258	1.9941522	-0.9	-10.0	0.0	0.0	0.0	0.0	46.25	446.0	0.0010136363636363637	-1.5156366	1.5894738	1.2683573	-9.248895	0.0009984871	0.0042715115	0.02416276	-0.013228478	3.1084176e-12	-0.00012319295	-1.0803342e-11	-4.32023e-06	1.0923436	-0.36073828	1.3495612e-05	-4.572048e-06	54.617897	-0.6040306	79.0	0.5576655	0.0041732835	440000	39871.48755073547
88	-3.4654543	1.7769963	-0.6	-10.0	0.0	0.0	0.0	0.0	45.454544	446.0	0.0010022471910112359	-1.5423046	1.6075022	1.1221395	-8.038014	0.00091709424	0.0039211474	0.031885426	-0.018013168	-5.0290615e-11	-9.748086e-05	3.352761e-11	-8.971471e-06	0.73151	-0.28686205	1.5619107e-05	-7.116637e-06	54.013866	-0.61240005	79.0	0.59232867	0.00450968	445000	40317.15071463585
89	-3.5266051	1.9751502	-1.3	-10.0	0.027522936	0.16360141	1.0	0.0	45.55963	449.0	0.0009977777777777778	-1.6048452	1.8292143	1.063693	-11.811537	0.000596806	0.0042616646	0.036802426	-0.01303383	9.532393e-10	-0.00035709795	1.0728836e-09	-0.0004932828	0.79448026	-0.23085803	0.011939426	-0.003041721	53.401466	0.70347977	11.0	0.53247035	0.016326858	450000	40764.17594408989
90	-3.4218178	1.8279835	-0.3	-10.0	0.009090909	0.09491189	1.0	0.0	45.01818	450.0	0.000989010989010989	-1.5257381	1.5643386	1.9593838	-6.8283305	0.012096648	0.038795806	0.48216593	-0.1130331	-3.9695477e-10	-6.0881397e-05	-3.33786e-10	-0.0003169961	0.5715401	-0.27765623	0.004041386	-0.001251234	54.104946	0.19195557	3.0	0.50759864	0.022097107	455000	41203.99875664711
91	-4.132292	2.1560717	-1.4	-10.0	0.0	0.0	0.0	0.0	51.75	450.0	0.0009782608695652175	-1.6934336	2.155494	1.9861944	-13.49091	0.005331705	0.018293407	0.31434596	-0.035714913	1.8725955e-11	-9.588958e-05	-1.4603138e-10	-7.036599e-05	0.9102728	-0.4998156	0.00036273894	-0.0003399477	54.2969	-0.5076027	79.0	0.47194916	0.0042687696	460000	41623.2420964241
92	-3.4342349	1.9905405	-0.9	-10.0	0.009009009	0.094487295	1.0	0.0	44.846848	451.0	0.0009698924731182796	-1.622033	1.8459686	1.4598761	-8.978488	-0.00021036377	0.0048558377	0.06529962	-0.017183872	-7.0619793e-10	-0.00026601696	-6.377697e-10	-0.00034962132	0.92484325	-0.43035078	0.005765604	-0.0008012927	53.7893	-0.19137955	17.0	0.5423501	0.012026958	465000	42042.501947402954
93	-3.624299	2.051844	-0.9	-10.0	0.018691588	0.13543344	1.0	0.0	46.626167	453.0	0.0009638297872340425	-1.9768676	2.5427706	1.0909597	-13.571972	0.005340153	0.021164317	0.24254382	-0.069205575	-5.342236e-10	-0.00044142982	-3.039837e-10	-0.0005541896	1.0484045	-0.55663913	0.012244412	-0.006876737	53.59792	0.4336815	13.0	0.48844835	0.016756216	470000	42464.92946720123
94	-3.6761904	2.1098192	-0.9	-10.0	0.0	0.0	0.0	0.0	47.133335	453.0	0.0009536842105263158	-2.0832489	2.8665102	1.7189035	-14.745491	0.013019911	0.07958288	1.0472828	-0.111168034	-3.0896716e-10	-0.00078283745	-4.9471854e-10	-0.0009008118	1.1985046	-0.53272283	0.006323482	-0.0062194495	54.0316	-0.39857483	18.0	0.45498282	0.013509394	475000	42886.09053301811
95	-3.8732672	2.2813878	-1.0	-10.0	0.0	0.0	0.0	0.0	49.07921	453.0	0.00094375	-2.0691125	2.3881876	1.4062624	-12.650078	0.002103347	0.009712156	0.07566566	-0.035412222	8.915974e-11	-0.00011617855	7.748604e-11	-9.598034e-06	1.1073722	-0.45514566	7.409944e-05	-4.5262263e-05	53.633026	-0.69221115	79.0	0.44467315	0.004672809	480000	43306.56798315048
96	-3.5574076	2.1009347	-0.7	-10.0	0.0	0.0	0.0	0.0	46.064816	453.0	0.000934020618556701	-1.5860926	1.5632513	2.220234	-7.561885	0.00037803728	0.0043324046	0.024963776	-0.028204797	7.526312e-11	-9.152153e-05	6.4074995e-11	-1.2314528e-05	0.6091443	-0.20982474	2.0332289e-05	-6.593318e-06	52.940815	-0.7084923	79.0	0.45587456	0.0034437526	485000	43725.745116472244
97	-3.533333	1.9497863	-0.4	-10.0	0.009259259	0.09577851	1.0	0.0	46.02778	454.0	0.000926530612244898	-1.6174957	1.9277962	0.9928993	-11.067892	0.0015507237	0.006389644	0.05162366	-0.029460823	-1.4035254e-10	-0.00025904464	-3.4570694e-10	-0.00019937499	0.5647912	-0.24927172	0.0032286807	-0.00010226644	52.232323	-0.20732117	79.0	0.47736087	0.00833631	490000	44146.66357922554
98	-3.1706896	1.5136743	-0.9	-10.0	0.0	0.0	0.0	0.0	42.61207	454.0	0.0009171717171717171	-1.3146303	1.4747123	2.4383957	-9.67396	0.0042262636	0.007915838	0.046439145	-0.021323027	-4.2486226e-11	-0.00010613697	8.940697e-12	6.608866e-06	0.41054994	-0.1532093	8.009425e-05	-7.307479e-05	52.025	-0.5942726	79.0	0.44465885	0.0033786893	495000	44569.66251373291
99	-3.3812501	1.9663477	-1.0	-10.0	0.0	0.0	0.0	0.0	44.419643	454.0	0.000908	-1.4208615	1.4848669	2.1841853	-8.984256	-0.00095926324	0.0063241646	0.029037617	-0.05632908	-1.7016465e-10	-7.73664e-05	-7.334165e-11	-3.4269422e-05	1.0355943	-0.55776656	3.874542e-05	-2.9440396e-05	51.43073	-0.7449684	79.0	0.4576871	0.0035159667	500000	44992.4459271431
100	-3.2330437	1.7767446	-0.6	-10.0	0.0	0.0	0.0	0.0	43.13913	454.0	0.000899009900990099	-1.4085824	1.659668	1.7610859	-10.582427	0.00031576122	0.0026420776	0.03844487	-0.011809209	-6.3243182e-12	-6.3301995e-05	2.3655593e-11	-4.7637623e-06	0.67152	-0.2641005	6.7847786e-06	-2.1617684e-06	50.68576	-0.75437546	3.0	0.45969135	0.010343238	505000	45410.19174027443
101	-3.2275863	1.6801369	-1.0	-10.0	0.0	0.0	0.0	0.0	43.08621	454.0	0.0008901960784313725	-1.3756506	1.4963785	1.3531497	-6.812787	-5.939474e-05	0.0033157975	0.03883951	-0.019007236	2.3492527e-10	-8.620679e-05	2.7939677e-12	-4.357591e-06	0.59170693	-0.25691262	1.1241537e-05	-3.3990282e-06	49.931385	-0.7764931	79.0	0.44573584	0.0040919157	510000	45832.39536547661
102	-3.1428568	1.9505903	-0.8	-10.0	0.016806724	0.1285467	1.0	0.0	41.87395	456.0	0.0008854368932038835	-1.7136325	2.6051393	1.2966077	-14.497303	0.0006928432	0.0034356217	0.023088217	-0.028966755	6.800216e-10	-0.00016171233	1.0430813e-09	-0.0003126733	1.0424762	-0.6038375	0.011376143	-0.0015557129	49.154892	0.24167633	5.0	0.45026338	0.01529364	515000	46253.834981918335
103	-3.3407078	2.0484674	-0.3	-10.0	0.0088495575	0.093654916	1.0	0.0	43.82301	457.0	0.0008788461538461539	-1.8349836	2.5335052	1.2538689	-13.706645	0.01286026	0.036507737	0.18103082	-0.061303873	1.5832446e-10	-0.00024213374	2.503395e-10	-0.0005379824	1.0303731	-0.59906447	0.004013776	-0.0009962886	49.39657	0.043712616	4.0	0.45616934	0.034276657	520000	46675.881942272186
104	-3.5448594	1.8573539	-0.6	-10.0	0.0	0.0	0.0	0.0	46.242992	457.0	0.0008704761904761905	-1.4228896	1.6442869	1.5948863	-11.501118	0.006278607	0.012911192	0.0906538	-0.05162583	7.4025036e-11	6.6069133e-06	-1.05798245e-10	-2.1158283e-05	0.7017316	-0.37027302	0.00020794816	-0.00018888763	49.44028	-0.65104294	5.0	0.45572	0.012940872	525000	47096.093388557434
105	-3.7085714	2.263588	-0.5	-10.0	0.0	0.0	0.0	0.0	47.561905	457.0	0.0008622641509433962	-1.861226	2.2153823	1.6020585	-13.2639885	-0.0015107179	0.0052471845	0.01973475	-0.03798081	8.299664e-11	-9.1290196e-05	-9.126961e-12	-3.5194716e-06	0.89934474	-0.47398606	1.9282917e-05	-6.8766212e-06	48.789238	-0.8329239	79.0	0.4663427	0.0028836164	530000	47511.35472726822
106	-3.1016808	1.5194527	-1.0	-10.0	0.008403362	0.09128388	1.0	0.0	41.831932	458.0	0.0008560747663551402	-1.417121	1.5977184	1.0771598	-9.916144	-5.1467676e-05	0.0031379045	0.0447373	-0.017771011	-2.8214778e-10	-0.0003611172	-3.5166742e-10	-0.00039966955	0.95553195	-0.6047924	0.0028762051	-0.0020833323	47.956314	-0.2894287	79.0	0.43821827	0.004633685	535000	47920.76473116875
107	-3.4409094	1.9673839	-0.9	-10.0	0.036363635	0.18719327	1.0	0.0	44.80909	462.0	0.0008555555555555556	-1.4295471	1.579162	2.3038857	-9.216462	0.00060935394	0.013219948	0.68811464	-0.024416786	1.339533e-09	-0.0002372677	1.4096498e-09	-0.0010114191	0.55166745	-0.20239413	0.01735879	-0.0023045978	47.666885	1.7058029	2.0	0.45778653	0.0567785	540000	48323.53923535347
108	-3.354867	1.9168093	-0.4	-10.0	0.0	0.0	0.0	0.0	44.15929	462.0	0.0008477064220183486	-1.4191661	1.5800645	1.8887947	-8.090427	0.010046837	0.035898436	0.26266524	-0.06674213	-3.2402032e-11	4.65294e-05	-2.5331974e-11	-6.165564e-05	0.68812823	-0.32984436	0.001360412	-0.0013031197	49.37269	-0.17579651	2.0	0.41549596	0.012175386	545000	48729.74541974068
109	-4.2712765	2.5007496	-1.1	-10.0	0.010638298	0.102592036	1.0	0.0	52.893616	463.0	0.0008418181818181819	-1.8266215	1.9930346	1.8571333	-9.117633	-0.00013484395	0.0050014523	0.060881093	-0.028458714	1.5529569e-10	-0.00044111273	2.9802322e-10	-0.0005313606	1.0878035	-0.44700313	0.006238998	-0.0035501982	49.19689	-0.13663864	14.0	0.45766845	0.015774453	550000	49132.61787176132
110	-3.590566	1.785504	-1.1	-10.0	0.009433962	0.09666934	1.0	0.0	46.698112	464.0	0.000836036036036036	-1.8476636	1.9523581	1.4125283	-9.2954035	0.002620068	0.02457672	0.23451182	-0.06440895	5.658239e-10	-0.00047317674	8.106232e-10	-0.0006447388	1.047673	-0.68777764	0.0073173326	-0.0010921136	49.060253	-0.02865982	9.0	0.4248307	0.019461893	555000	49525.0463244915
111	-3.768269	2.2492847	-0.9	-10.0	0.009615385	0.09758549	1.0	0.0	47.83654	465.0	0.0008303571428571429	-1.7228703	1.9681093	2.0093968	-9.811768	0.016681207	0.06507108	0.9267535	-0.021985022	7.725691e-10	-0.001012339	2.592802e-10	-0.001584993	1.6586137	-0.94160146	0.00906344	-0.0052682105	49.031593	-0.0362854	9.0	0.3884297	0.017108425	560000	49907.52444887161
112	-3.3566372	1.8501318	-0.7	-10.0	0.0088495575	0.093654916	1.0	0.0	44.079647	466.0	0.0008247787610619469	-1.6957293	1.9685783	1.4176519	-10.501175	0.007933638	0.02571459	0.24315816	-0.042952985	3.6002124e-10	-0.00010300157	2.6226044e-10	-0.00015200383	0.74446124	-0.3265959	0.0027475473	-0.000564269	48.995308	-0.088020325	11.0	0.43820575	0.014054782	565000	50291.45288872719
113	-3.6698112	2.1072278	-0.9	-10.0	0.028301887	0.1658339	1.0	0.0	46.9717	469.0	0.0008228070175438596	-1.6827754	1.9579785	1.2627095	-9.66592	0.004628582	0.012148694	0.11052258	-0.011342045	-2.1431572e-10	-0.0006492492	-2.2649765e-10	-0.00075462426	1.116652	-0.4884972	0.010898854	-0.0025418196	48.907288	1.309433	13.0	0.4240667	0.015326476	570000	50673.332196712494
114	-3.6214952	2.1350229	-0.9	-10.0	0.0	0.0	0.0	0.0	46.59813	469.0	0.0008156521739130435	-1.9544084	2.6380713	0.9839569	-13.574479	0.01108612	0.039709765	0.5465162	-0.058990866	-3.6387577e-11	-0.0001586205	-2.384186e-10	-0.0001818387	0.7144465	-0.2761261	0.001716574	-0.0016906244	50.21672	-0.35779572	79.0	0.3803491	0.009587292	575000	51055.10927271843
115	-3.908911	2.2250643	-1.2	-10.0	0.0	0.0	0.0	0.0	49.435642	469.0	0.0008086206896551724	-1.7443004	1.7661798	1.0672368	-10.109235	-0.0019689025	0.0065124957	0.029905103	-0.066861905	-1.4688019e-10	-0.00011962811	-6.183982e-11	-2.8969313e-05	1.2414566	-0.5327671	3.4163113e-05	-2.395254e-05	49.858925	-0.9614601	79.0	0.41617003	0.0045528635	580000	51434.82013440132
116	-3.7538462	2.2436202	-0.7	-10.0	0.0	0.0	0.0	0.0	47.798077	469.0	0.0008017094017094017	-2.4062355	2.7007341	0.9623405	-11.637211	-0.0006162755	0.0033664813	0.08213143	-0.020750366	6.9619605e-10	-0.000106568645	-1.8998981e-11	-3.9988213e-06	1.1820084	-0.66150224	1.0535532e-05	-4.0369428e-06	48.897465	-0.990078	79.0	0.40039596	0.004626008	585000	51819.32726049423
117	-3.5879629	2.1556005	-0.5	-10.0	0.0	0.0	0.0	0.0	46.26852	469.0	0.0007949152542372881	-1.9144728	2.5303202	1.1872177	-12.046516	-0.00041224412	0.0020123788	0.02342109	-0.011547256	-3.1475215e-12	-7.0989394e-05	-1.1175871e-11	2.4773888e-06	1.0304906	-0.3970881	3.6354206e-06	-8.531242e-07	47.907387	-1.0023384	79.0	0.3780101	0.0032785556	590000	52182.971004486084
118	-3.45	1.9082953	-0.4	-10.0	0.0	0.0	0.0	0.0	45.2	469.0	0.0007882352941176471	-1.6994399	2.173125	1.5525563	-11.485916	-0.00019337214	0.0020183525	0.022761632	-0.0129795335	-8.9567714e-11	-8.8023095e-05	1.42492355e-11	-2.3124842e-06	0.9787039	-0.49101076	3.7491684e-06	-8.482448e-07	46.90505	-1.0190582	79.0	0.35554403	0.002842183	595000	52545.72659945488
119	-3.7259614	2.095049	-0.5	-10.0	0.0	0.0	0.0	0.0	47.73077	469.0	0.0007816666666666666	-2.1643524	2.6625388	1.8700093	-14.62225	-0.00042774272	0.0028093946	0.022246832	-0.02598611	2.2880842e-10	-9.580439e-05	3.427267e-11	6.516073e-07	1.1261348	-0.757494	4.776905e-06	-7.1003024e-07	45.88599	-1.0354195	79.0	0.34950438	0.0024149588	600000	52908.42655849457
120	-3.3526785	1.6835315	-1.1	-10.0	0.0	0.0	0.0	0.0	44.330357	469.0	0.000775206611570248	-1.5233669	1.8950012	1.417625	-11.1122	-9.456209e-05	0.0017139199	0.016814582	-0.006838813	-7.780208e-11	-7.433038e-05	-1.04308125e-11	3.100984e-07	0.6453613	-0.43239114	2.8142504e-06	-8.878412e-07	44.85057	-1.0495186	79.0	0.36025062	0.0026998222	605000	53272.05614280701
121	-3.7776701	2.2441263	-0.4	-10.0	0.0	0.0	0.0	0.0	48.349514	469.0	0.0007688524590163935	-1.7619418	2.3481581	2.6698334	-12.702749	-0.0005052053	0.0019014336	0.020461561	-0.0136068445	-5.917997e-10	-0.0001508783	1.30385164e-11	-3.0821843e-07	1.5330293	-0.998334	3.4054463e-06	-1.4755117e-06	43.801052	-1.0769844	79.0	0.37857467	0.0033572556	610000	53633.72627162933
122	-3.3758926	1.9329495	-1.0	-10.0	0.0	0.0	0.0	0.0	44.36607	469.0	0.0007626016260162601	-1.7830572	2.0909045	1.0210195	-11.031011	5.2553165e-05	0.0021224003	0.032656275	-0.019774942	-8.891923e-10	-9.9560086e-05	-1.7136336e-11	-6.9821112e-06	1.2073454	-0.70223373	4.3189116e-06	-1.8558501e-06	42.724068	-1.0839691	79.0	0.37143072	0.003693161	615000	53996.50891375542
123	-3.5830188	1.7516285	-1.1	-10.0	0.0	0.0	0.0	0.0	46.518867	469.0	0.0007564516129032258	-1.6915525	2.1006732	1.4875278	-12.013451	-0.00023389392	0.0015095567	0.010695273	-0.008356286	3.392715e-10	-0.00010640492	1.30385164e-11	-3.9232894e-08	0.7687162	-0.38527507	2.2260494e-06	-3.8653218e-07	41.6401	-1.1009254	79.0	0.3813182	0.0034069119	620000	54358.908225774765
124	-3.338938	1.8840942	-0.5	-10.0	0.0	0.0	0.0	0.0	44.097343	469.0	0.0007504	-1.6469045	2.1974905	1.2905186	-12.447759	-0.00015232635	0.0014267224	0.021432566	-0.006945996	7.5877304e-11	-0.00012282048	-2.2351743e-12	4.12957e-07	0.54770935	-0.25824293	1.9635443e-06	-3.885874e-07	40.539173	-1.120758	79.0	0.37046605	0.004482616	625000	54721.91387653351
125	-3.3097346	1.7041836	-1.0	-10.0	0.0	0.0	0.0	0.0	43.902657	469.0	0.0007444444444444445	-1.4387904	1.7217772	2.224378	-9.51503	5.872503e-05	0.0011822816	0.008311188	-0.0066579445	-6.896858e-12	-0.00018216042	1.8626451e-13	-1.5528614e-06	0.8027835	-0.3410484	1.3642174e-06	-1.6653587e-07	39.418415	-1.1407814	79.0	0.37163183	0.004568351	630000	55084.23554635048
126	-3.3823006	1.9089557	-1.0	-10.0	0.017699115	0.13185544	1.0	0.0	44.141594	471.0	0.000741732283464567	-1.7262957	2.2361054	1.06113	-11.274472	-0.0002603472	0.0033088012	0.013850678	-0.032381196	2.7017572e-10	-0.00020565777	5.662441e-10	-6.477314e-05	0.9526166	-0.55215895	0.0056352774	-0.00026926538	38.277634	0.39990997	79.0	0.35391548	0.0037864796	635000	55448.86962676048
127	-3.4657657	2.0908852	-0.7	-10.0	0.027027028	0.16216218	1.0	0.0	44.963963	474.0	0.000740625	-1.8246652	2.4605024	1.3208375	-15.5585	0.007758628	0.013804797	0.092989095	-0.022522248	1.0344315e-09	-0.00057896116	1.090765e-09	-0.00072269107	0.863175	-0.4358778	0.017944913	-0.0067387167	38.677544	1.6988907	30.0	0.3623128	0.012465371	640000	55811.554384708405
128	-3.4207206	2.0348814	-0.7	-10.0	0.0	0.0	0.0	0.0	44.90991	474.0	0.0007348837209302326	-1.6051096	2.048418	1.8114518	-11.444203	0.036730032	0.07404244	1.7359772	-0.0776682	2.8336535e-11	-0.00060358073	-1.7881394e-10	-0.00082219567	0.7044278	-0.31847137	0.006707093	-0.006660367	40.376434	-0.46391296	7.0	0.37199232	0.013491551	645000	56172.46167421341
129	-3.4599998	1.7845397	-1.1	-10.0	0.0	0.0	0.0	0.0	45.3	474.0	0.0007292307692307692	-1.6660992	2.1640217	1.2905685	-12.217228	0.0018097978	0.005139558	0.057852507	-0.018108822	8.7851476e-11	-9.896158e-05	-7.4505804e-13	-3.9791053e-06	0.7520509	-0.34628028	2.9301118e-05	-1.9128178e-05	39.91252	-1.1634674	79.0	0.37192005	0.0032020928	650000	56534.41236591339
130	-3.44	1.8246394	-0.9	-10.0	0.0	0.0	0.0	0.0	45.2	474.0	0.0007236641221374046	-1.5052116	1.8493428	1.2596173	-11.635145	-2.2662693e-05	0.0033625336	0.03866822	-0.018800016	-2.0956266e-11	-9.0855254e-05	1.7881394e-11	-5.255811e-06	0.59833914	-0.22029036	1.1352854e-05	-5.018506e-06	38.749054	-1.1946907	79.0	0.3502838	0.0023060874	655000	56897.841074705124
131	-3.3442478	1.9547057	-1.1	-10.0	0.0088495575	0.093654916	1.0	0.0	43.955753	475.0	0.0007196969696969697	-1.5426584	1.7406999	1.1339724	-9.086811	5.345571e-05	0.0022457878	0.016200263	-0.018209752	-9.299637e-11	-0.00023150732	-1.1324883e-10	-0.0002372885	0.5596049	-0.2569301	0.0021876236	-0.0007628144	37.554363	-0.3634262	79.0	0.36310983	0.004588397	660000	57261.015963315964
132	-3.402703	1.7754309	-1.0	-10.0	0.0	0.0	0.0	0.0	44.82883	475.0	0.0007142857142857143	-1.5539435	1.9582492	1.4256374	-10.294598	0.0031738044	0.022518544	0.42249912	-0.016121427	-5.1697097e-10	-0.000250657	1.7881394e-11	-0.00025973207	0.5766541	-0.30019978	0.00051208766	-0.0005061422	37.190937	-0.9865799	33.0	0.35493687	0.014937561	665000	57626.039689302444
133	-3.4090087	1.8097608	-1.1	-10.0	0.0	0.0	0.0	0.0	44.89189	475.0	0.000708955223880597	-1.3444108	1.4917856	1.7904507	-7.382307	-0.00017299931	0.0025781074	0.021191312	-0.013536761	-5.022089e-10	-0.00015241306	-2.0861625e-11	5.317941e-07	0.71747005	-0.3704207	6.0227767e-06	-2.2369884e-06	36.204357	-1.2608337	79.0	0.37634262	0.0033058578	670000	57986.80159854889
134	-3.4223213	2.1516898	-0.7	-10.0	0.0	0.0	0.0	0.0	44.63393	475.0	0.0007037037037037037	-2.1056318	2.8071504	1.2421397	-12.647927	8.4923704e-05	0.0025448112	0.022581743	-0.014328895	-2.9596814e-10	-0.00015718734	-9.685755e-12	-3.5630852e-05	1.2240797	-0.5550789	5.369226e-06	-1.8214489e-06	34.943523	-1.2769012	79.0	0.37776893	0.0040302104	675000	58351.86445212364
135	-3.3469028	1.8129364	-0.6	-10.0	0.0088495575	0.093654916	1.0	0.0	44.17699	476.0	0.0007	-1.6529899	2.1091511	1.6970304	-13.625605	-8.158548e-05	0.0018217983	0.018210301	-0.00846119	-3.758672e-10	-8.236599e-06	-5.7965516e-10	-3.851646e-06	1.0790877	-0.5220056	0.0027590455	-0.00010778732	33.666622	-0.3945923	2.0	0.36781242	0.012038809	680000	58714.04150271416
136	-3.4844034	2.2638025	-0.4	-10.0	0.0	0.0	0.0	0.0	45.238533	476.0	0.0006948905109489051	-1.7621332	2.291948	1.7663841	-11.918834	0.0033822793	0.006891676	0.037209157	-0.014738071	-3.7714516e-11	-0.00018401661	-7.897615e-11	-1.34988095e-05	1.0982953	-0.455113	5.79082e-05	-5.1032657e-05	33.27203	-1.0778809	79.0	0.36971056	0.0033626552	685000	59076.9774620533
137	-3.1940677	2.1408572	-0.6	-10.0	0.016949153	0.1290809	1.0	0.0	42.288136	478.0	0.0006927536231884058	-2.0566285	2.6771224	1.4486688	-12.588875	0.00045166496	0.0026483082	0.050453812	-0.011182485	-5.674062e-10	-0.00072722643	-3.658235e-10	-0.00074928073	1.628092	-0.86899525	0.012438882	-0.0046339375	32.19415	0.41809464	15.0	0.35867703	0.013140703	690000	59440.94071984291
138	-3.3663716	2.0040054	-0.7	-10.0	0.0088495575	0.093654916	1.0	0.0	44.079647	479.0	0.0006892086330935252	-1.9710176	2.6323376	2.2333608	-11.786376	0.008735434	0.037567526	0.39214534	-0.031368036	5.02427e-10	-7.259935e-05	4.798174e-10	-0.00010598016	1.115377	-0.42735046	0.004493421	-0.0015073114	32.612244	0.07688904	2.0	0.34316638	0.013630972	695000	59803.812901735306
139	-3.1982758	1.8168741	-0.4	-10.0	0.00862069	0.0924466	1.0	0.0	42.603447	480.0	0.0006857142857142857	-1.7039615	2.1866505	1.4328694	-10.710126	0.00077703875	0.024363736	0.45311245	-0.038150653	-4.019029e-10	-0.00053754286	-6.8843364e-10	-0.00056144584	1.0205837	-0.5136838	0.0033413277	-0.0011548367	32.689133	-0.17762375	54.0	0.34992042	0.012593582	700000	60168.44370222092
140	-3.1449156	1.901498	-0.3	-10.0	0.008474576	0.09166656	1.0	0.0	42.07627	481.0	0.0006822695035460993	-1.5330025	2.041946	1.7524483	-11.650963	0.0029528835	0.027819883	0.91473526	-0.009088002	4.3225948e-10	-0.00020996372	5.3942206e-10	-0.00030104787	1.5668914	-0.9359681	0.005833728	-0.0015380527	32.51151	-0.20631027	8.0	0.2831734	0.016222402	705000	60531.74013757706
141	-3.511927	2.1285617	-0.5	-10.0	0.0	0.0	0.0	0.0	45.715595	481.0	0.0006774647887323944	-1.871148	2.5188215	1.628848	-12.735129	0.012101657	0.040594127	0.8635595	-0.026508898	2.2280623e-10	-0.00027287158	2.5331975e-10	-0.0001842458	1.3931861	-0.80835783	0.0017868332	-0.0017729852	32.3052	-1.1556053	79.0	0.32719198	0.0075440477	710000	60893.06836414337
142	-3.26087	1.9960699	-0.7	-10.0	0.0	0.0	0.0	0.0	43.226086	481.0	0.0006727272727272728	-1.7580769	2.232044	2.2748153	-12.090134	0.0005163515	0.0034481839	0.007574001	-0.015993385	-3.31511e-10	-0.0001720441	7.4505804e-13	2.5488928e-06	0.9582767	-0.54195595	1.0257398e-05	-6.5579966e-06	31.149593	-1.4554691	79.0	0.28053102	0.003206048	715000	61255.2970020771
143	-3.2912283	1.8317168	-0.5	-10.0	0.0	0.0	0.0	0.0	43.622807	481.0	0.0006680555555555555	-1.6958492	2.2560477	1.4909228	-11.789937	-0.00030267576	0.002257548	0.019099027	-0.014332033	1.1649977e-10	-0.00012567692	2.0861625e-11	3.1625382e-06	0.97294	-0.45574278	4.6377186e-06	-1.9238512e-06	29.694124	-1.4644623	79.0	0.31450137	0.002243404	720000	61612.308302402496
144	-3.1635594	1.8178804	-0.5	-10.0	0.016949153	0.1290809	1.0	0.0	42.26271	483.0	0.0006662068965517242	-1.5197953	1.9610062	1.569532	-10.392496	-0.00022475977	0.0013438474	0.0073605147	-0.009231258	1.0550638e-09	-0.00020889373	6.735325e-10	-0.0006971613	1.2765532	-0.859359	0.009679335	-0.0010631196	28.229662	0.4646988	2.0	0.27902943	0.03027621	725000	61962.65628051758
145	-2.8792002	1.4513054	-0.3	-7.9	0.008	0.08908424	1.0	0.0	39.704	484.0	0.000663013698630137	-1.187938	1.4256827	2.6388156	-8.769154	0.012930122	0.023161586	0.10767034	-0.056762338	5.3082517e-12	-0.00034507565	-4.7683715e-11	-0.00038048284	0.36947966	-0.19998229	0.002918835	-0.00064774114	28.69436	-0.012523651	18.0	0.29366803	0.012323477	730000	62313.491322517395
146	-3.2431035	1.9496342	-0.8	-10.0	0.00862069	0.0924466	1.0	0.0	43.051723	485.0	0.0006598639455782313	-1.4318113	2.025796	1.9603786	-11.627901	0.0028857638	0.0063097407	0.032062344	-0.0095201265	-2.1624702e-10	-0.00040514683	-7.748604e-11	-0.0004280357	0.7570398	-0.39164758	0.004153615	-0.00024738628	28.681837	-0.2242527	20.0	0.32645825	0.012308781	735000	62665.158069849014
147	-3.3336284	1.891088	-0.6	-10.0	0.0088495575	0.093654916	1.0	0.0	43.946903	486.0	0.0006567567567567567	-1.798055	2.2283769	1.6826776	-11.549739	0.0056922827	0.015778558	0.097602524	-0.030892659	-3.6340677e-11	-0.0002972259	-2.0861625e-11	-0.00015937538	0.8265531	-0.33344442	0.0032645229	-0.0002638183	28.457584	-0.20952415	79.0	0.32669574	0.0074974	740000	63017.771226882935
148	-3.499091	2.1647797	-0.6	-10.0	0.009090909	0.09491189	1.0	0.0	45.29091	487.0	0.0006536912751677852	-1.6770606	2.065541	1.5718296	-11.048225	0.0035437415	0.0064796424	0.052342653	-0.0074363267	2.718338e-10	-0.00016074583	3.33786e-10	-0.00029721812	0.73084104	-0.3648488	0.004927032	-0.00036228588	28.24806	-0.15209389	2.0	0.3291292	0.010216543	745000	63367.92562413216
149	-3.5822425	2.0331743	-0.7	-10.0	0.009345794	0.09622084	1.0	0.0	46.411217	488.0	0.0006506666666666667	-1.8103309	2.083078	2.0451584	-9.851351	0.0038888215	0.015529604	0.11288979	-0.026570925	2.9568603e-10	-0.000419524	4.5895576e-10	-0.00036798735	1.0801406	-0.58071035	0.004119492	-0.0012089545	28.095966	-0.12584496	48.0	0.32011685	0.012441521	750000	63718.09335851669
