Epoch	AverageEpRet	StdEpRet	MaxEpRet	MinEpRet	AverageEpCost	StdEpCost	MaxEpCost	MinEpCost	EpLen	CumulativeCost	CostRate	AverageVVals	StdVVals	MaxVVals	MinVVals	AverageCostVVals	StdCostVVals	MaxCostVVals	MinCostVVals	LossPi	DeltaLossPi	SurrCost	DeltaSurrCost	LossV	DeltaLossV	LossVC	DeltaLossVC	Penalty	DeltaPenalty	StopIter	Entropy	KL	TotalEnvInteracts	Time
0	-1.9692308	1.7430822	-0.3	-10.0	0.48205128	0.49967778	1.0	0.0	25.558975	94.0	0.0188	-0.15348144	0.21054713	0.45408392	-0.574994	0.794319	0.30927244	1.2274072	0.08426357	9.059905e-09	-0.0014420951	1.7499923e-08	-0.00087464385	3.235649	-2.0644794	0.5316644	-0.42849782	10.0	1.9983969	6.0	1.054817	0.012350287	5000	441.33518838882446
1	-1.6799998	1.2810678	-0.3	-7.1	0.4372093	0.4960417	1.0	0.0	23.195349	188.0	0.0188	-1.1189048	0.9203331	1.4541093	-3.9220665	0.27211547	0.22689465	1.2288486	-0.22507085	-3.8147503e-09	-0.004402364	-3.3855438e-09	-0.00855315	0.8923883	-0.30496103	0.12651905	-0.010700621	11.998397	1.9075375	5.0	1.0795728	0.02614679	10000	893.281569480896
2	-2.8770373	2.207158	-0.3	-10.0	0.2962963	0.45662326	1.0	0.0	36.592594	228.0	0.0152	-0.8690767	0.72784954	1.156256	-3.2249312	0.117072485	0.19264568	0.9604548	-0.6410238	3.115565e-09	-0.0017172605	-5.9604643e-10	-0.0045529874	1.9196931	-0.6531726	0.07138956	-0.014627602	13.905934	1.5043325	5.0	1.0610852	0.019109089	15000	1339.6702463626862
3	-3.9209523	2.5585968	-0.4	-10.0	0.21904762	0.41360098	1.0	0.0	47.485714	251.0	0.01255	-1.6644214	1.1585343	1.3974129	-5.1699786	0.06878845	0.14563063	0.99668086	-0.16574626	-1.7811362e-09	-0.0006266286	-2.670288e-09	-0.0024746289	1.5994619	-0.31641603	0.059880335	-0.010968987	15.410267	1.1984062	7.0	1.0305173	0.016887845	20000	1780.9545857906342
4	-4.4170213	2.3027108	-0.5	-10.0	0.14893617	0.35602555	1.0	0.0	53.18085	265.0	0.0106	-1.8883387	1.3522339	2.0011299	-5.35474	0.05206725	0.07877344	0.5676927	-0.1124221	-2.2966262e-12	-0.0013114233	5.6028365e-10	-0.0005138695	1.5369474	-0.1487099	0.028348895	-0.003325384	16.608673	0.9064903	12.0	1.0123297	0.015905527	25000	2221.171372652054
5	-3.5285714	2.0633895	-0.4	-8.1	0.20535715	0.40396237	1.0	0.0	44.026787	288.0	0.0096	-2.0882525	1.4429444	2.2481532	-5.2691417	0.05181084	0.10080189	0.5525282	-0.1434723	-1.6244345e-10	-0.0011954518	1.7285346e-09	-0.0006277633	1.0744902	-0.37086868	0.0424674	-0.0032387823	17.515163	1.1647339	12.0	1.0143769	0.0145346895	30000	2668.951192140579
6	-3.3710527	1.6825069	-0.4	-8.9	0.13157895	0.33803242	1.0	0.0	43.45614	303.0	0.008657142857142856	-1.6456703	1.440461	1.7319095	-6.3035383	0.059864514	0.10755093	0.70068556	-0.11108153	6.4625244e-10	-0.0015861414	1.9073486e-10	-0.0017654405	0.63707566	-0.23063222	0.04701117	-0.009332396	18.679897	0.9331169	33.0	0.97926116	0.012534959	35000	3117.958642244339
7	-3.3086956	1.419955	-0.6	-10.0	0.07826087	0.26858163	1.0	0.0	43.130436	312.0	0.0078	-1.4572221	1.302983	1.4490921	-4.7592406	0.055262268	0.08125725	0.518759	-0.12648194	-9.062104e-10	-0.0010646038	-1.5497208e-10	-0.0014797224	0.40001234	-0.11385244	0.029762024	-0.004556805	19.613014	0.5857029	17.0	0.9407127	0.012768017	40000	3565.576287984848
8	-3.2843482	1.3601528	-0.9	-10.0	0.09565217	0.29411364	1.0	0.0	42.98261	323.0	0.007177777777777778	-1.2553766	1.2533065	1.3218391	-3.861007	0.040518012	0.082051575	0.56929666	-0.13707647	2.8259275e-09	-0.00059963355	2.9563905e-09	-0.00018632824	0.32614934	-0.06388661	0.033887617	-0.0037612375	20.198717	0.6408558	20.0	0.8855715	0.01277103	45000	4010.2433631420135
9	-2.9650793	1.5942516	-0.5	-10.0	0.103174604	0.3041868	1.0	0.0	39.34127	336.0	0.00672	-1.2836231	1.2588179	1.2700107	-4.2314186	0.06566848	0.1052586	0.6842279	-0.17331803	8.1963715e-12	-0.0010994828	6.67572e-10	-0.0013387298	0.5202242	-0.1099917	0.03367195	-0.006949695	20.839573	0.75792885	20.0	0.8629481	0.0124745555	50000	4459.261161327362
10	-2.8726563	1.2461011	-0.4	-8.6	0.0859375	0.28027174	1.0	0.0	38.78125	347.0	0.006309090909090909	-1.1571342	1.2740842	2.1261356	-4.3796277	0.045667797	0.10248355	0.6654718	-0.19112587	-4.8918158e-11	-0.0014109438	-3.33786e-10	-0.0014733645	0.25420317	-0.087611526	0.029649908	-0.00929066	21.597502	0.6959286	79.0	0.78748554	0.011230699	55000	4912.406788825989
11	-2.9144	1.2494289	-0.7	-10.0	0.048	0.21376626	1.0	0.0	39.616	353.0	0.005883333333333333	-1.0957044	1.1941007	1.3133285	-3.830371	0.022732139	0.06594176	0.3801101	-0.15130588	1.8620214e-10	-0.0010473413	-2.503395e-10	-0.0012885067	0.26318586	-0.031079024	0.020526476	-0.0035559386	22.29343	0.4345188	79.0	0.77002615	0.010309079	60000	5362.738717079163
12	-2.9166667	1.4017986	-0.8	-10.0	0.04761905	0.21295886	1.0	0.0	39.555557	359.0	0.005523076923076923	-1.0353498	1.1953969	1.426512	-3.81538	0.027041519	0.049293667	0.32452944	-0.104974516	-4.2384862e-10	-0.000318332	-1.9073486e-10	-0.00080246787	0.3440896	-0.072559774	0.015912414	-0.0015082173	22.72795	0.36680603	6.0	0.7369514	0.016701482	65000	5811.7323751449585
13	-3.1588235	1.6528261	-0.9	-10.0	0.042016808	0.20062749	1.0	0.0	41.941177	364.0	0.0052	-1.2783875	1.3817648	2.1738787	-4.928722	0.028661765	0.0553785	0.33261427	-0.119064	-3.977314e-11	-0.00023140459	-3.6358833e-10	-0.000709718	0.69281584	-0.26494592	0.022318885	-0.003531877	23.094755	0.33813667	6.0	0.7128839	0.017246453	70000	6261.3618104457855
14	-2.9543998	1.4663972	-1.0	-10.0	0.04	0.19595918	1.0	0.0	39.928	369.0	0.00492	-1.1851847	1.5076741	2.0915775	-8.174671	0.028811095	0.053281307	0.34509933	-0.08711969	-2.3505398e-10	-0.0008180747	-1.3113022e-10	-0.0007888957	0.3733551	-0.06456393	0.020019816	-0.0037575383	23.432892	0.3240223	40.0	0.70740783	0.012638758	75000	6709.815048217773
15	-3.1709402	1.4442376	-0.9	-10.0	0.008547009	0.09205412	1.0	0.0	42.42735	370.0	0.004625	-1.3666391	1.5427486	1.3743157	-7.413413	0.040685315	0.07272901	0.42559543	-0.109323286	-2.6965075e-10	-0.0004536961	0.0	-0.00063073006	0.4636049	-0.13551408	0.010301463	-0.003586989	23.756914	0.061182022	36.0	0.6305462	0.01229411	80000	7161.404248476028
16	-3.296522	1.5804199	-0.8	-10.0	0.034782607	0.18322878	1.0	0.0	43.391304	374.0	0.0044	-1.3836349	1.6107647	2.3231902	-9.209029	0.026050217	0.06194785	0.36063227	-0.16857319	2.130312e-09	-0.0002454093	1.3709068e-09	-0.00065831194	0.5028577	-0.21950623	0.0185128	-0.001862498	23.818096	0.22201538	8.0	0.64039433	0.014505667	85000	7613.340190172195
17	-3.0616667	1.4536841	-1.2	-10.0	0.008333334	0.090905935	1.0	0.0	41.341667	375.0	0.004166666666666667	-1.1332968	1.4497864	1.735566	-6.7818036	0.024596184	0.065223314	0.40046087	-0.08682671	3.8757408e-10	-0.0003421597	6.2584876e-10	-0.00022452416	0.38663098	-0.19853356	0.0069741644	-0.0012493804	24.040112	0.044387817	79.0	0.6335885	0.0043628286	90000	8062.161981105804
18	-3.166102	1.6118848	-1.0	-10.0	0.016949153	0.1290809	1.0	0.0	42.194916	377.0	0.0039684210526315785	-1.4106956	1.6957915	2.2295322	-7.6494365	0.016024588	0.038629167	0.20363788	-0.09879417	1.4748486e-09	-0.0004535635	1.0490417e-09	-0.00051083567	0.707187	-0.14831376	0.012588744	-0.0026954338	24.0845	0.0642643	33.0	0.6185115	0.012807033	95000	8511.395255804062
19	-3.4080358	1.4890157	-1.3	-10.0	0.017857144	0.13243213	1.0	0.0	44.589287	379.0	0.00379	-1.6199495	1.8365355	3.2507396	-8.114	0.027396424	0.067828014	0.5308066	-0.114398144	-4.1227308e-10	-0.0005893372	-7.8082085e-10	-0.0006263459	0.75818163	-0.17179996	0.007900329	-0.0014633457	24.148764	0.09924126	79.0	0.561093	0.008493282	100000	8963.932138204575
20	-3.0700002	1.3880202	-1.1	-10.0	0.008333334	0.090905935	1.0	0.0	41.425	380.0	0.003619047619047619	-1.2770869	1.6486194	2.1974025	-7.6591945	0.01913901	0.05263937	0.47126892	-0.16444677	-2.3831656e-10	-0.00035088958	-3.576279e-11	-0.00026430437	0.5219293	-0.07672855	0.004943163	-0.0022657209	24.248005	0.002401352	79.0	0.57486105	0.0036992661	105000	9412.284301757812
21	-3.2059827	1.7652045	-0.9	-10.0	0.008547009	0.092054114	1.0	0.0	42.495728	381.0	0.0034636363636363636	-1.5697366	2.0387204	1.2531492	-8.504587	0.0052357367	0.025903424	0.15746011	-0.06518899	5.353007e-10	-0.00022209043	1.1354685e-09	-0.00023840583	0.9683335	-0.45220923	0.006673806	-0.0022233496	24.250406	-0.020994186	8.0	0.57275623	0.015010843	110000	9845.816223144531
22	-3.0639343	1.5039328	-0.8	-10.0	0.057377048	0.23256166	1.0	0.0	40.918034	388.0	0.003373913043478261	-1.640235	2.1024888	1.1513394	-10.683376	0.015844809	0.059113123	0.62800545	-0.10104298	-6.292896e-10	-0.00043379323	8.404255e-10	-0.0006880072	0.9541787	-0.5233257	0.037699103	-0.01026891	24.229412	0.52840996	9.0	0.56100196	0.015290686	115000	10271.908511400223
23	-3.2299147	1.7358102	-0.9	-10.0	0.017094018	0.12962177	1.0	0.0	42.641026	390.0	0.00325	-1.5359459	2.1106293	1.9351377	-10.037539	0.06301303	0.11339403	0.8261338	-0.19563596	-1.2662794e-09	-0.00025795988	-8.8214874e-10	-0.00044394066	1.0476912	-0.22531253	0.010993578	-0.0020889072	24.757822	0.23526382	10.0	0.49938467	0.012916403	120000	10695.861470937729
24	-3.004878	1.559125	-0.9	-10.0	0.032520324	0.17737745	1.0	0.0	40.422764	394.0	0.003152	-1.4259969	1.891973	1.7850256	-9.439752	0.030303352	0.09784658	0.8713989	-0.16181949	1.2833729e-10	-0.00096176856	2.861023e-10	-0.0009914887	0.6090995	-0.1318869	0.01432203	-0.0027773576	24.993086	0.29559517	48.0	0.50332755	0.012239674	125000	11120.750148534775
25	-3.188793	1.3720593	-0.9	-10.0	0.00862069	0.0924466	1.0	0.0	42.603447	395.0	0.0030384615384615385	-1.4218441	1.8573848	1.2095929	-9.400964	0.040818732	0.07447279	0.80458105	-0.13521175	1.8790114e-09	-0.00073807966	1.7270446e-09	-0.00086394284	0.56257474	-0.12784299	0.008815236	-0.0029475638	25.288681	0.06718254	79.0	0.47598603	0.010935441	130000	11546.825968265533
26	-3.2250001	1.6548191	-0.9	-10.0	0.02586207	0.1587237	1.0	0.0	42.87069	398.0	0.002948148148148148	-1.4924369	2.0326388	2.1208684	-10.093326	0.030345252	0.071703985	0.4667712	-0.19206122	-1.0791547e-09	-0.00048486853	-1.001358e-09	-0.00052785326	0.6369274	-0.1782243	0.021092627	-0.006659082	25.355864	0.19916916	25.0	0.45601124	0.01254441	135000	11976.01347208023
27	-3.1567798	1.6447389	-0.9	-10.0	0.0	0.0	0.0	0.0	42.194916	398.0	0.002842857142857143	-1.3440248	1.580656	1.0652357	-8.245953	0.017973127	0.05743061	0.37599617	-0.12175301	7.3991135e-10	-0.00017563527	-5.960465e-11	-0.00010372885	0.650656	-0.2672762	0.0023703096	-0.0018630943	25.555033	-0.07711983	79.0	0.43359476	0.0042506983	140000	12403.840501785278
28	-2.9391997	1.4303509	-1.0	-10.0	0.024	0.15304902	1.0	0.0	39.952	401.0	0.0027655172413793105	-1.2856262	1.8914605	1.1556314	-9.4451475	0.00412165	0.02631044	0.16510484	-0.08872048	-2.445387e-09	-0.0005170798	-1.6093255e-09	-0.0008197067	0.43596122	-0.14186263	0.018061668	-0.006034663	25.477913	0.15241241	8.0	0.44833428	0.02008983	145000	12829.937218904495
29	-3.2834783	1.6452266	-0.9	-10.0	0.008695652	0.092844166	1.0	0.0	43.452175	402.0	0.00268	-1.670006	2.1135986	2.276657	-10.635098	0.047299724	0.09299843	0.60612035	-0.32202363	-1.5029662e-09	-0.00012349518	-1.5318393e-09	-0.0002942243	0.63585585	-0.14853165	0.010467058	-0.0043361033	25.630325	0.035474777	5.0	0.5036102	0.020053321	150000	13256.095726966858
30	-2.7992187	1.146155	-0.8	-7.5	0.0078125	0.0880424	1.0	0.0	38.90625	403.0	0.0026	-1.0833217	1.3908179	1.1325282	-8.0523205	0.0066914703	0.032651123	0.19118093	-0.11305708	1.1168647e-10	-0.0006936552	4.172325e-11	-0.00064830936	0.24622859	-0.15128528	0.006869663	-0.0013884576	25.6658	-0.040533066	79.0	0.53473467	0.006740338	155000	13683.057966470718
31	-3.103333	1.7513295	-0.8	-10.0	0.016666668	0.12801908	1.0	0.0	41.483334	405.0	0.00253125	-1.3552662	1.6418406	1.7403715	-6.515201	0.018087052	0.044196423	0.4139348	-0.08428734	4.135366e-10	-0.00076572807	2.026558e-10	-0.0009065546	0.953635	-0.53375745	0.009571414	-0.0013577789	25.625267	0.090740204	46.0	0.51065284	0.012336499	160000	14110.235923051834
32	-3.182353	1.7624775	-0.9	-10.0	0.033613447	0.18023203	1.0	0.0	41.991596	409.0	0.002478787878787879	-1.5101006	1.9787996	1.2404162	-9.870032	0.022448756	0.042286158	0.3451415	-0.16083193	-7.9352436e-10	-0.0007141001	-5.722046e-10	-0.0008244404	0.46961337	-0.17219433	0.014855918	-0.0016770344	25.716007	0.3866291	31.0	0.5148676	0.013548208	165000	14537.852939367294
33	-2.9975607	1.5705347	-0.8	-10.0	0.016260162	0.1264744	1.0	0.0	40.528454	411.0	0.0024176470588235296	-1.2534693	1.5970643	0.97140753	-8.479984	0.030326543	0.060845327	0.46100196	-0.081394196	2.4497174e-10	-0.00039002113	4.5895576e-10	-0.0003330928	0.38253647	-0.1285227	0.011775361	-0.00235462	26.102636	0.19672966	79.0	0.5351261	0.007736163	170000	14964.325127124786
34	-2.985484	1.6013448	-0.6	-10.0	0.032258064	0.1766847	1.0	0.0	40.23387	415.0	0.0023714285714285716	-1.4594285	1.8990526	1.0350592	-8.64854	0.027895609	0.07536543	0.5854222	-0.11192157	1.915303e-10	-0.00048260565	-2.1457672e-10	-0.0006049741	0.5099605	-0.113886446	0.01901379	-0.0021826103	26.299366	0.3863201	39.0	0.52576905	0.012675527	175000	15390.012265205383
35	-3.0520663	1.4422835	-0.9	-10.0	0.008264462	0.09053266	1.0	0.0	41.247932	416.0	0.002311111111111111	-1.2221899	1.5198103	1.6778874	-7.1509843	0.02905769	0.08081643	0.6484824	-0.104735285	-1.2740633e-09	-0.00024827578	-1.0073185e-09	-0.00044556172	0.46257383	-0.08784902	0.008872708	-0.0030329973	26.685686	0.07374954	5.0	0.56536525	0.020122431	180000	15816.666603803635
36	-2.962097	1.5579966	-1.0	-10.0	0.032258064	0.1766847	1.0	0.0	40.0	420.0	0.00227027027027027	-1.4234316	1.767556	1.1592765	-8.7846155	0.022090964	0.05545621	0.39181915	-0.15313685	-1.5448796e-10	-0.0009433116	-3.0994415e-10	-0.0010602658	0.33722782	-0.08889799	0.016348202	-0.0013759928	26.759436	0.36893654	41.0	0.60155475	0.013557802	185000	16241.364328622818
37	-2.9803276	1.3151474	-1.1	-10.0	0.008196721	0.090163924	1.0	0.0	40.62295	421.0	0.0022157894736842105	-1.228067	1.7150878	1.0590625	-9.595239	0.022832999	0.048131738	0.3951019	-0.07354256	-1.257842e-09	-0.00047951075	-1.1354685e-09	-0.00050413073	0.290383	-0.05622019	0.007415667	-0.0013217754	27.128372	0.074640274	61.0	0.5516324	0.012447402	190000	16666.688393592834
38	-2.9248	1.3980933	-0.9	-10.0	0.04	0.19595917	1.0	0.0	39.72	426.0	0.0021846153846153847	-1.2175891	1.5208793	1.2480228	-9.069315	0.018955426	0.054190904	0.34522256	-0.08883252	2.731129e-09	-0.00051140285	2.4318696e-09	-0.0006170249	0.2705677	-0.097839415	0.020463135	-0.0045003444	27.203012	0.5223236	10.0	0.53919387	0.014273084	195000	17093.378388404846
39	-2.7837207	1.3131884	-0.8	-10.0	0.0	0.0	0.0	0.0	38.666668	426.0	0.00213	-1.1225619	1.5682664	0.94991845	-8.834374	0.029498236	0.06912207	0.47143653	-0.12408906	-4.793199e-10	-0.00016382716	-3.039837e-10	-0.00028417283	0.2765018	-0.06646894	0.0035643708	-0.0020522992	27.725336	-0.029640198	13.0	0.48726338	0.015195216	200000	17521.207693338394
40	-2.8658729	1.2246906	-0.7	-10.0	0.007936508	0.08873286	1.0	0.0	39.57143	427.0	0.0020829268292682926	-1.0546278	1.3164883	1.1367451	-8.007242	0.007796842	0.04708635	0.40702516	-0.083998494	1.3277672e-10	-0.0005442163	5.438924e-10	-0.0005710792	0.2546564	-0.111692265	0.0066706412	-0.000705488	27.695696	-0.09052467	79.0	0.5241666	0.011109129	205000	17947.89089012146
41	-2.8912697	1.510756	-0.7	-10.0	0.023809524	0.15245534	1.0	0.0	39.47619	430.0	0.0020476190476190477	-1.3658389	1.8775158	1.1859454	-9.955329	0.015577627	0.043516286	0.19770098	-0.09019157	1.2615827e-09	-0.00029708052	8.374453e-10	-0.00073561154	0.520846	-0.2412197	0.0132059725	-0.0019113524	27.605171	0.2505684	4.0	0.5463718	0.025749862	210000	18375.092970609665
42	-3.2	1.1965762	-1.1	-10.0	0.025641026	0.15806189	1.0	0.0	42.62393	433.0	0.002013953488372093	-1.3189988	1.869471	1.1036824	-10.353199	0.021892864	0.05733365	0.3607007	-0.108457334	5.1878324e-10	-0.0002643911	1.847744e-10	-0.00034681294	0.48882914	-0.24887955	0.015489351	-0.004692477	27.85574	0.37894058	11.0	0.4973933	0.016889729	215000	18802.433374404907
43	-2.8629925	1.2320397	-0.9	-10.0	0.023622047	0.1518685	1.0	0.0	39.283466	436.0	0.001981818181818182	-1.1069268	1.244997	1.1001437	-5.943853	0.02845584	0.07725146	0.62999314	-0.13343112	-5.250036e-10	-0.00055750186	-3.8146972e-10	-0.00071191345	0.2614492	-0.10591833	0.012042968	-0.0022666184	28.23468	0.3642273	67.0	0.52932113	0.012382928	220000	19228.86158823967
44	-3.1728811	1.5934006	-1.2	-10.0	0.008474576	0.09166656	1.0	0.0	42.26271	437.0	0.0019422222222222221	-1.4503583	2.051487	1.0584302	-10.479601	0.022365754	0.0630852	0.49921453	-0.13776122	7.078733e-10	-0.0006128325	-4.7683715e-11	-0.0006070889	0.75580883	-0.41236195	0.0054236418	-0.0012942809	28.598907	0.050682068	79.0	0.55906147	0.010054701	225000	19657.090827703476
45	-3.0252032	1.6364046	-1.0	-10.0	0.032520324	0.17737745	1.0	0.0	40.626015	441.0	0.001917391304347826	-1.6217579	2.3995585	1.0014334	-11.742744	0.024257956	0.06265431	0.4890597	-0.08133405	-7.0295336e-10	-0.00035216968	-6.67572e-10	-0.0005526632	0.7071827	-0.27229336	0.015608728	-0.0016948963	28.64959	0.46183395	8.0	0.5455001	0.018867971	230000	20082.16762638092
46	-3.2241378	1.715227	-0.8	-10.0	0.0	0.0	0.0	0.0	42.767242	441.0	0.001876595744680851	-1.6013007	2.21107	0.95642924	-9.94081	0.031184686	0.07160321	0.44310734	-0.14201191	-5.498558e-10	-0.00012306191	-3.0994415e-10	-0.00027166767	0.68922585	-0.26820177	0.0027171243	-0.0017805292	29.111423	-0.07946968	6.0	0.57005936	0.015145117	235000	20508.58823466301
47	-2.7751937	1.2134281	-1.0	-10.0	0.0	0.0	0.0	0.0	38.666668	441.0	0.0018375	-1.1459211	1.6812409	1.0233216	-10.106417	0.005827838	0.036680896	0.2545703	-0.073419295	-3.914097e-10	-0.00028476666	-2.3841857e-11	-0.00014400766	0.52344763	-0.40991208	0.0009208653	-0.00055306737	29.031954	-0.28620148	79.0	0.6074017	0.0061519225	240000	20934.69100499153
48	-3.1571429	1.7654277	-0.8	-10.0	0.008403362	0.09128388	1.0	0.0	42.016808	442.0	0.0018040816326530611	-1.5532434	2.2736905	1.0435389	-10.18758	0.009317125	0.030560121	0.1763126	-0.06584432	-1.2438536e-10	-0.00032501985	3.4570694e-10	-0.0002552847	1.1706077	-0.4305551	0.0065774843	-0.00087839924	28.745752	-0.10096359	19.0	0.5484547	0.014075925	245000	21362.069178581238
49	-2.9572582	1.0734459	-0.8	-5.4	0.04032258	0.19671468	1.0	0.0	40.129032	447.0	0.001788	-1.2171654	1.4389297	1.4027591	-8.5508585	0.012641982	0.033071905	0.22948414	-0.06670942	-2.2526834e-09	-0.00041761695	-1.9401312e-09	-0.0007149383	0.30327898	-0.24422395	0.025845319	-0.0069511086	28.644789	0.67999077	5.0	0.53228176	0.02002152	250000	21788.76992249489
50	-3.037398	1.9348912	-0.9	-10.0	0.016260162	0.1264744	1.0	0.0	40.569107	449.0	0.0017607843137254903	-1.5024306	2.158688	1.085973	-10.079242	0.04026394	0.106724374	0.48908022	-0.21971379	5.9218597e-10	-0.00030187	3.4570694e-10	-0.0006703324	1.6498843	-1.1329882	0.0074571776	-0.003534696	29.32478	0.34233665	4.0	0.5501931	0.016839795	255000	22214.527492284775
51	-2.9217744	1.2155286	-1.0	-10.0	0.0	0.0	0.0	0.0	40.129032	449.0	0.0017269230769230768	-1.1239548	1.5338297	1.2065959	-10.005393	0.0129604265	0.055528156	0.4150781	-0.09021495	4.2432205e-10	3.702735e-05	1.0430813e-10	-5.0823073e-05	0.68992066	-0.5216856	0.0016193853	-0.0011769745	29.667116	-0.19334602	5.0	0.5403863	0.01350412	260000	22641.149008989334
52	-3.30087	1.614957	-1.0	-10.0	0.026086956	0.15939392	1.0	0.0	43.434784	452.0	0.0017056603773584905	-1.216687	1.3582065	1.1028688	-6.2574267	0.013809512	0.044131536	0.21497966	-0.1036827	-5.446157e-10	-0.0002984642	-5.841255e-10	-0.00057549303	0.5887406	-0.33951557	0.017124109	-0.0034464328	29.47377	0.3250599	7.0	0.5257252	0.013127246	265000	23066.472676753998
53	-2.9224	1.3591683	-1.0	-10.0	0.008	0.08908424	1.0	0.0	39.96	453.0	0.0016777777777777778	-1.1139249	1.4350393	2.0113347	-6.8531504	0.019529998	0.054833107	0.39757928	-0.14401689	3.068934e-10	-6.6978115e-05	1.2516975e-10	-2.1651203e-05	0.371981	-0.15369315	0.0065167435	-0.0012504025	29.79883	0.061115265	7.0	0.55148095	0.013699441	270000	23491.567480564117
54	-2.9580643	1.6512995	-0.9	-10.0	0.0	0.0	0.0	0.0	40.225807	453.0	0.0016472727272727273	-1.3832077	1.8165343	1.1609757	-8.657798	0.01824693	0.039216075	0.16229732	-0.13190964	4.8274296e-10	-0.0002800351	7.9274176e-10	-0.00012334767	0.6725582	-0.3212215	0.0010692396	-0.0006791855	29.859945	-0.27868652	79.0	0.551372	0.005911069	275000	23918.086313724518
55	-3.0278687	1.5415694	-0.9	-10.0	0.024590164	0.15487249	1.0	0.0	40.82787	456.0	0.0016285714285714287	-1.3881686	1.9802103	2.071804	-12.692938	0.005955567	0.034699798	0.37605575	-0.07660472	-4.428602e-10	-0.00093303266	-4.529953e-10	-0.0010192859	0.37705064	-0.16456461	0.016746167	-0.0041908342	29.581259	0.30576324	79.0	0.52374667	0.011584041	280000	24342.39586997032
56	-3.029752	1.1340445	-1.1	-10.0	0.016528925	0.12749794	1.0	0.0	41.115704	458.0	0.001607017543859649	-1.1755179	1.4820603	1.1470431	-7.885967	0.021505445	0.061831594	0.70262283	-0.09170356	-2.0800158e-11	-0.0004818273	-3.2782554e-10	-0.0005029402	0.36786357	-0.113581896	0.010283352	-0.0014646985	29.887022	0.2813244	19.0	0.53371143	0.01459827	285000	24769.30874156952
57	-3.2560344	1.6958005	-0.9	-10.0	0.00862069	0.0924466	1.0	0.0	42.99138	459.0	0.0015827586206896551	-1.458704	1.7915766	1.2145551	-8.585373	0.024393408	0.061014645	0.33862707	-0.1124404	5.86365e-10	-0.00034605712	1.4901161e-10	-0.0005128175	0.91499424	-0.5346649	0.0066149686	-0.0022978494	30.168346	0.014291763	21.0	0.5141727	0.013486186	290000	25197.537289857864
58	-3.1208334	1.6003071	-1.0	-10.0	0.016666668	0.12801908	1.0	0.0	41.658333	461.0	0.0015627118644067797	-1.609327	2.2651708	1.1484866	-9.834678	0.020921694	0.06553632	0.7636388	-0.07873375	4.5466672e-11	-0.00055780844	3.218651e-10	-0.00061357545	0.560948	-0.30225718	0.009530806	-0.0017324751	30.182638	0.17522812	33.0	0.5121636	0.013057715	295000	25624.135367631912
59	-3.1931622	1.8440816	-1.0	-10.0	0.008547009	0.092054114	1.0	0.0	42.367523	462.0	0.00154	-1.5344902	2.133195	0.86748856	-10.429053	0.05026817	0.116391726	0.8445786	-0.09424419	-3.3140085e-10	-0.0005678986	-5.2452087e-10	-0.00054311764	0.71548045	-0.28964743	0.008853783	-0.0042765597	30.357866	0.0097332	41.0	0.5161791	0.012878643	300000	26048.711721420288
60	-3.0949578	1.3896284	-1.0	-10.0	0.008403362	0.09128388	1.0	0.0	41.764706	463.0	0.0015180327868852459	-1.4646297	2.0362244	1.1152941	-10.047752	0.016012155	0.04475936	0.35081875	-0.08449276	7.942732e-10	-0.00016816401	7.4505807e-10	-0.00022743028	0.70560414	-0.19767523	0.0069194916	-0.0013410123	30.3676	-0.057258606	14.0	0.48632997	0.012006711	305000	26474.786174058914
61	-2.9983609	1.3940144	-0.9	-10.0	0.008196721	0.09016393	1.0	0.0	40.713116	464.0	0.0014967741935483871	-1.2605039	1.7105609	1.087934	-10.441513	0.009020989	0.03872086	0.28695327	-0.15471254	-2.5732463e-12	-0.00034208596	4.7683715e-11	-0.00038201158	0.57120645	-0.268374	0.0068040453	-0.0009915568	30.31034	-0.06712532	57.0	0.4634915	0.012288775	310000	26902.550946474075
62	-2.7682173	1.5050296	-0.9	-10.0	0.0	0.0	0.0	0.0	38.426357	464.0	0.001473015873015873	-1.2101363	1.6733531	1.4550649	-7.7188168	0.011183525	0.044366416	0.25879878	-0.090456665	-9.950816e-11	-0.00039117297	3.039837e-10	-0.0001881927	0.5259349	-0.2809829	0.0012861738	-0.0009342313	30.243216	-0.32808113	54.0	0.5308553	0.012555968	315000	27327.49955177307
63	-3.1319327	1.7220242	-1.0	-10.0	0.016806724	0.1285467	1.0	0.0	41.764706	466.0	0.00145625	-1.535432	2.063353	1.096607	-9.687975	0.0043456457	0.023732826	0.151838	-0.1309833	1.5622145e-09	-0.0004989365	1.3530255e-09	-0.00047359854	0.76031154	-0.30682707	0.009912405	-0.0010632584	29.915134	0.12010956	79.0	0.53804404	0.009995533	320000	27756.005847215652
64	-2.8714287	1.3274188	-1.0	-10.0	0.007936508	0.08873285	1.0	0.0	39.539684	467.0	0.001436923076923077	-1.2400764	1.7151396	1.0921549	-9.4742365	0.01068036	0.032870643	0.21414433	-0.07457779	-5.655732e-10	-0.00039121584	-4.8279764e-10	-0.00038356346	0.46915638	-0.13921869	0.0063801412	-0.0012769615	30.035244	-0.008764267	45.0	0.528368	0.012477854	325000	28184.480772972107
65	-2.8999999	1.0220764	-1.0	-6.4	0.008	0.08908424	1.0	0.0	39.912	468.0	0.0014181818181818182	-1.050367	1.3248929	1.0853776	-9.701138	0.009233516	0.040253054	0.5292625	-0.072435245	4.248277e-10	-0.0005080528	7.6293943e-10	-0.0004436473	0.16119073	-0.10270032	0.0065323166	-0.0017429721	30.02648	-0.09017372	79.0	0.5683763	0.008398639	330000	28613.6450650692
66	-3.1450002	1.8779799	-1.0	-10.0	0.058333334	0.23437268	1.0	0.0	41.441666	475.0	0.001417910447761194	-1.3807759	1.7891402	1.2832873	-10.401954	0.0300971	0.06032492	0.4743547	-0.09108425	-1.6267636e-10	-0.00032156514	4.053116e-10	-0.000859249	0.70071507	-0.36206523	0.03877924	-0.018409329	29.936306	1.5560341	4.0	0.59090394	0.018846545	335000	29040.065608501434
67	-2.9112902	0.99670506	-1.2	-5.6	0.008064516	0.08943981	1.0	0.0	40.112904	476.0	0.0014	-1.0753225	1.2887518	0.8728001	-6.4638367	0.030096823	0.09182692	1.0210874	-0.14223598	1.1689592e-09	-0.00013825289	8.881092e-10	-0.00016184148	0.13806127	-0.08458235	0.009842389	-0.0044724825	31.49234	0.38010406	7.0	0.53015685	0.015345208	340000	29465.95029234886
68	-2.9406502	1.0984718	-1.0	-7.1	0.0	0.0	0.0	0.0	40.406506	476.0	0.0013797101449275363	-1.049167	1.2120619	1.2849015	-4.8734927	0.014082019	0.05966431	0.55079067	-0.19952668	4.2464688e-11	-0.00011332554	2.7120114e-10	-0.00018114342	0.08863374	-0.012000352	0.0037442483	-0.003486075	31.872444	-0.3484459	4.0	0.51315147	0.016212743	345000	29893.931003808975
69	-2.8849208	1.4977267	-0.9	-10.0	0.03968254	0.19521226	1.0	0.0	39.325397	481.0	0.0013742857142857144	-1.0879974	1.2304997	1.4295549	-6.1521378	0.0027190896	0.02588435	0.1731033	-0.07577396	-1.1805554e-09	-0.00037559724	-1.0788441e-09	-0.0011466426	0.41566584	-0.22299396	0.029061615	-0.0112356115	31.523998	0.9198761	3.0	0.5386618	0.029235547	350000	30318.478145122528
70	-3.1203394	1.1893282	-0.9	-8.1	0.025423728	0.15740827	1.0	0.0	42.11017	484.0	0.0013633802816901408	-1.1281452	1.4151824	1.343286	-7.0048575	0.04420575	0.087930664	0.77993864	-0.0937584	-6.1037886e-10	-0.00050416065	-8.7022783e-10	-0.00078469666	0.26875615	-0.18418494	0.016266054	-0.0048463847	32.443874	0.8284607	29.0	0.49517778	0.012897305	355000	30745.325694799423
71	-2.9406502	1.0258319	-1.0	-6.4	0.008130081	0.08979969	1.0	0.0	40.317074	485.0	0.0013472222222222223	-1.0327904	1.2233685	1.2250484	-4.867164	0.01159144	0.061073434	0.6106644	-0.12902342	-2.0443279e-10	-0.00051816006	3.3974648e-10	-0.0005120813	0.08236772	-0.018286347	0.005673274	-0.0016305647	33.272335	0.087905884	79.0	0.5224866	0.0091204075	360000	31174.36501121521
72	-3.12605	1.7214643	-1.1	-10.0	0.0	0.0	0.0	0.0	41.79832	485.0	0.0013287671232876713	-1.23505	1.4361991	1.4991981	-7.9835916	0.025094552	0.0807648	0.68028677	-0.13809043	-2.2300903e-10	-0.00031569568	5.364418e-10	-0.00033010636	0.8758897	-0.5603909	0.0021262795	-0.00074703037	33.36024	-0.37956238	27.0	0.5235016	0.013452698	365000	31601.608953237534
73	-2.933871	1.1320753	-0.9	-10.0	0.0	0.0	0.0	0.0	40.25	485.0	0.0013108108108108108	-1.1213759	1.3960855	1.228825	-6.8697457	0.011397501	0.041451808	0.3904543	-0.11323652	-2.9761352e-10	-0.00026792113	-2.4735927e-10	-0.00016377581	0.17337464	-0.06008277	0.0011287127	-0.00051769294	32.98068	-0.48449707	79.0	0.536237	0.0050475607	370000	32029.794775485992
74	-2.8362205	1.0213214	-0.9	-6.3	0.0	0.0	0.0	0.0	39.362206	485.0	0.0012933333333333334	-1.0138092	1.2348343	1.1544132	-6.833535	0.0034482635	0.023442313	0.24455643	-0.21322928	3.877372e-10	-0.00018527728	3.576279e-11	-9.862289e-05	0.11238844	-0.06330694	0.00056137407	-0.00035009423	32.49618	-0.49441147	79.0	0.5233477	0.004429557	375000	32458.866797447205
75	-2.8283463	1.2148619	-0.8	-7.4	0.0	0.0	0.0	0.0	39.283466	485.0	0.0012763157894736842	-0.98885226	1.1914183	1.0811902	-6.648153	-0.0015127136	0.01898256	0.17242318	-0.13783607	6.719208e-11	-0.00019899072	9.313226e-11	-0.00011181592	0.13857894	-0.0474073	0.00036288504	-0.00020688689	32.00177	-0.5052662	79.0	0.51959974	0.0048553925	380000	32888.43387365341
76	-2.9264	1.4581711	-0.9	-10.0	0.016	0.1254751	1.0	0.0	39.824	487.0	0.001264935064935065	-1.106701	1.2645293	1.1119124	-5.1686745	0.0021029683	0.020316321	0.22162804	-0.04495964	1.1498681e-10	-0.00058050826	1.5497208e-10	-0.00071263267	0.4650121	-0.3222919	0.012105521	-0.0037257215	31.496504	0.12414169	26.0	0.5121093	0.012404492	385000	33313.61228227615
77	-3.0495868	1.4383832	-1.1	-10.0	0.008264462	0.09053265	1.0	0.0	41.132233	488.0	0.0012512820512820514	-1.3059978	1.702409	0.9837402	-10.845656	0.019289069	0.06337651	0.72801155	-0.07486485	2.0184993e-10	-0.000560325	-2.6226044e-10	-0.00068105076	0.3589263	-0.14798567	0.0064598876	-0.0013425574	31.620646	0.0067005157	75.0	0.4746922	0.012253302	390000	33740.51866078377
78	-2.9725807	1.5555488	-1.0	-10.0	0.024193548	0.15364966	1.0	0.0	40.282257	491.0	0.0012430379746835444	-1.3378482	1.8790215	0.9588578	-10.172047	0.016629657	0.045673363	0.50721145	-0.063307524	2.9864497e-10	-0.00019050943	2.1159649e-10	-0.00030852115	0.31039572	-0.13900128	0.015678925	-0.002240492	31.627346	0.5619011	7.0	0.52857274	0.013420428	395000	34166.79729485512
79	-3.0196722	1.6003913	-1.0	-10.0	0.0	0.0	0.0	0.0	40.836067	491.0	0.0012275	-1.2487928	1.7125139	1.2211763	-10.812256	0.029537188	0.07850248	0.9251251	-0.1860332	4.95048e-10	-0.00045697246	1.4305115e-10	-0.00041196853	0.5856323	-0.3370952	0.003788115	-0.003186116	32.189247	-0.2572155	57.0	0.55224895	0.012559192	400000	34592.80881214142
80	-2.9207997	1.4991889	-0.9	-10.0	0.016	0.1254751	1.0	0.0	39.856	493.0	0.0012172839506172839	-1.348579	1.8973827	1.1593747	-11.498536	0.015689813	0.05109484	0.48459676	-0.105894834	-7.296651e-10	-0.00077617867	-4.7683715e-11	-0.0010106466	0.49106455	-0.22721624	0.0116592655	-0.0021295752	31.932032	0.1393261	16.0	0.5693184	0.013906742	405000	35019.71963620186
81	-2.9524195	1.4697741	-0.8	-10.0	0.0	0.0	0.0	0.0	40.258064	493.0	0.001202439024390244	-1.3263294	1.8083651	1.5710692	-9.714169	0.019994816	0.06316145	0.47302592	-0.06731623	-3.0311506e-10	-9.5588606e-05	-1.5199185e-10	-0.00011537705	0.7731104	-0.37672976	0.0025207077	-0.0016191876	32.071358	-0.36148262	5.0	0.5469894	0.015506683	410000	35447.97105503082
82	-2.9475806	1.628648	-0.9	-10.0	0.0	0.0	0.0	0.0	40.120968	493.0	0.0011879518072289157	-1.4449	2.1644156	1.49728	-10.609894	0.009461154	0.03171489	0.22524284	-0.0662972	3.718611e-10	-8.951625e-05	-5.5506825e-11	-7.586e-05	0.599092	-0.38078386	0.0006675231	-0.00046953195	31.709875	-0.5628929	6.0	0.49149096	0.013076239	415000	35875.49205851555
83	-2.6939392	1.3217733	-0.9	-10.0	0.015151516	0.122155435	1.0	0.0	37.689392	495.0	0.0011785714285714286	-1.0594629	1.4089714	2.022345	-7.3383136	0.0019919148	0.020335952	0.15146466	-0.20658058	-3.5923725e-10	-8.913783e-05	-1.013279e-10	-0.00029756932	0.33746997	-0.15342662	0.010813973	-0.0050111655	31.146982	0.10485649	5.0	0.474166	0.012360771	420000	36302.01225614548
84	-2.8598428	1.5753144	-1.0	-10.0	0.007874016	0.0883856	1.0	0.0	39.25197	496.0	0.0011670588235294117	-1.1240451	1.5835197	0.8678011	-8.382847	0.025835529	0.07095133	0.5386611	-0.060779586	1.6626973e-09	-0.0005828884	1.7464161e-09	-0.0005221191	0.48191962	-0.23719423	0.0068897186	-0.0029846325	31.251839	-0.03897667	50.0	0.4879047	0.012410093	425000	36727.02917480469
85	-2.9439998	1.9109955	-0.9	-10.0	0.016	0.1254751	1.0	0.0	39.736	498.0	0.001158139534883721	-1.7502493	2.4642131	1.5018947	-12.548271	0.019048132	0.05562766	0.9831588	-0.086259834	-1.3393049e-09	-0.00012736682	-1.4677644e-09	-0.0002393436	1.1400033	-0.37209666	0.010864977	-0.0013241004	31.212862	0.25376892	5.0	0.46783438	0.0133677	430000	37153.37798976898
86	-2.85	1.4923764	-0.9	-10.0	0.0234375	0.1512884	1.0	0.0	38.984375	501.0	0.0011517241379310345	-1.3658175	2.1840062	1.4618031	-10.560512	0.024496738	0.054549735	0.6941868	-0.09093793	1.2011984e-09	-0.0002700948	1.6212464e-09	-0.0003393224	0.651788	-0.25694934	0.014696051	-0.0043037254	31.46663	0.7207241	5.0	0.41965792	0.02311198	435000	37579.24259209633
87	-2.934127	1.8316079	-0.9	-10.0	0.03968254	0.19521226	1.0	0.0	39.468254	506.0	0.00115	-1.7677889	2.5457473	1.0760444	-10.415536	0.020179171	0.08199856	0.8458749	-0.12173493	-3.847001e-10	-0.00015533553	-9.536744e-10	-0.00045661948	0.86177784	-0.5299453	0.022024058	-0.008033158	32.187355	1.6122742	5.0	0.4234817	0.021254374	440000	38002.835988759995
88	-2.8738093	1.4455831	-0.8	-10.0	0.007936508	0.08873286	1.0	0.0	39.47619	507.0	0.0011393258426966291	-1.2323267	1.7203261	0.9931532	-8.755694	0.05885229	0.1369341	1.0884378	-0.12421544	1.1566039e-09	-0.0003340087	1.168251e-09	-0.00048161086	0.56000644	-0.34233254	0.020523682	-0.014680814	33.79963	0.30607224	7.0	0.4102337	0.015304453	445000	38429.69007849693
89	-2.9128	1.2928712	-1.0	-10.0	0.0	0.0	0.0	0.0	39.952	507.0	0.0011266666666666667	-1.358051	2.1276617	1.0658386	-12.658433	0.012782933	0.04159329	0.4427213	-0.28774357	-4.4430576e-10	-0.00030911536	-1.6093255e-10	-0.00039794212	0.44308594	-0.19814444	0.0013436804	-0.00081542926	34.1057	-0.5168762	45.0	0.36232555	0.012319666	450000	38855.751119852066
90	-3.0089433	1.6622058	-1.1	-10.0	0.016260162	0.1264744	1.0	0.0	40.642277	509.0	0.0011186813186813186	-1.2065322	1.5260118	0.9659918	-8.169763	0.0071140947	0.030913379	0.19087733	-0.13995947	-1.1406146e-09	-0.00012570573	-9.417533e-10	-0.0002447883	0.70886135	-0.3306776	0.012625039	-0.0025689034	33.588825	0.17645264	4.0	0.37260613	0.01773184	455000	39283.96728467941
91	-2.8896823	1.5068009	-1.0	-10.0	0.007936508	0.08873286	1.0	0.0	39.54762	510.0	0.001108695652173913	-1.262107	1.6767949	1.2931099	-9.590823	0.019899135	0.05567462	0.80068076	-0.097584106	-8.710763e-10	-0.00063622225	-9.477139e-10	-0.0007718915	0.64549726	-0.23394683	0.006054818	-0.0017443276	33.765278	-0.01618576	30.0	0.379006	0.014292697	460000	39713.369660139084
92	-2.9451613	1.5624813	-1.0	-10.0	0.024193548	0.15364966	1.0	0.0	40.096775	513.0	0.001103225806451613	-1.3979821	1.9477702	0.9251993	-9.385413	0.017286606	0.054074787	0.5515719	-0.08409137	5.3000482e-11	-0.0004751532	7.152558e-11	-0.00072862575	0.4535602	-0.22166696	0.014921451	-0.0043970924	33.749092	0.7214775	22.0	0.40551183	0.013755277	465000	40140.96794652939
93	-2.8468752	1.6812354	-1.0	-10.0	0.0	0.0	0.0	0.0	39.039062	513.0	0.0010914893617021276	-1.1601061	1.6428683	1.0108	-10.147857	0.038738683	0.116215095	0.9717303	-0.095906265	4.910317e-10	-0.0003841259	1.7881394e-10	-0.00034263253	0.5755468	-0.32020134	0.0036075646	-0.0018736739	34.47057	-0.32556152	30.0	0.39502707	0.014055039	470000	40566.40313243866
94	-2.7297711	1.29448	-0.9	-10.0	0.0	0.0	0.0	0.0	38.129772	513.0	0.00108	-1.1531142	1.676559	1.1095253	-10.531945	0.011144992	0.046904027	0.58462155	-0.06341088	-5.848183e-10	-0.00011836205	-4.2319298e-10	-0.00029522608	0.62826467	-0.32688132	0.0014164371	-0.0010035271	34.145008	-0.6952057	3.0	0.41063643	0.02333714	475000	40991.386699438095
95	-2.8265624	1.7122483	-0.9	-10.0	0.0	0.0	0.0	0.0	38.835938	513.0	0.00106875	-1.2844535	1.7072494	1.0689801	-9.890769	0.014634534	0.05617429	0.38813904	-0.05520291	-1.0707678e-10	-0.00038908582	-4.4703484e-11	-0.00024771152	1.4847625	-0.9477538	0.0009314573	-0.00038954424	33.449802	-0.7200432	50.0	0.42124477	0.012273528	480000	41406.4659473896
96	-2.7401516	1.7523516	-0.9	-10.0	0.022727273	0.1490327	1.0	0.0	37.734848	516.0	0.001063917525773196	-1.6525158	2.4500473	1.1770097	-10.845771	0.007555045	0.024268817	0.23965172	-0.049095232	-1.110848e-09	-0.0002938876	-9.0003016e-10	-0.00032709845	0.8990255	-0.4826933	0.013271095	-0.002808678	32.72976	0.557209	11.0	0.42335322	0.013462558	485000	41813.15667104721
97	-2.9983873	1.8382137	-1.0	-10.0	0.016129032	0.12597178	1.0	0.0	40.274193	518.0	0.0010571428571428572	-1.848477	2.6959462	1.8281093	-12.055737	0.02736347	0.05420104	0.43135437	-0.3120118	-3.1871178e-10	-0.0003459989	-3.3974648e-10	-0.00031782873	0.98187274	-0.5240427	0.008557226	-0.003231274	33.28697	0.5530243	22.0	0.42066523	0.013515936	490000	42220.28982567787
98	-2.7868216	1.5757554	-0.8	-10.0	0.007751938	0.08770316	1.0	0.0	38.52713	519.0	0.0010484848484848485	-1.4602021	2.2300282	1.278021	-9.941029	0.0106451595	0.030562138	0.28898814	-0.13762249	-1.8079845e-10	-0.00037161633	-4.1723253e-10	-0.0005881971	1.2068523	-0.7216662	0.006479747	-0.0011434173	33.839993	-0.02898407	6.0	0.36314693	0.018780475	495000	42626.229590177536
99	-2.7320611	1.6322263	-0.8	-10.0	0.022900764	0.14958717	1.0	0.0	37.900764	522.0	0.001044	-1.5729644	2.6272948	1.0404085	-12.34967	0.010227725	0.030318197	0.3837877	-0.09254728	1.4266283e-10	-0.0005764701	2.1457672e-10	-0.0011213191	0.40499356	-0.17177486	0.012649683	-0.0022250079	33.81101	0.7347069	3.0	0.37933457	0.052381862	500000	43033.3152012825
100	-2.5602942	1.0880554	-1.0	-10.0	0.0	0.0	0.0	0.0	36.52206	522.0	0.0010336633663366338	-0.8375637	1.1845022	1.0231245	-7.839811	0.014285248	0.05937579	0.4887553	-0.1763628	2.856136e-10	0.00018689687	1.66893e-10	-0.00015568943	0.1772492	-0.08075798	0.002327625	-0.0019365207	34.545715	-0.38889313	2.0	0.3772231	0.018372605	505000	43438.773576021194
101	-2.6103704	1.2294699	-1.0	-10.0	0.014814815	0.12081116	1.0	0.0	36.85926	524.0	0.0010274509803921568	-0.8805709	1.2448133	1.1533626	-6.4801373	0.004625887	0.023121059	0.282944	-0.11023354	-2.349149e-10	-0.00082637963	-1.3709069e-10	-0.0010066408	0.38125947	-0.12977722	0.011315774	-0.003147712	34.156822	0.13377762	37.0	0.36962444	0.012411975	510000	43844.35457992554
102	-2.6840909	1.47406	-1.0	-10.0	0.0	0.0	0.0	0.0	37.590908	524.0	0.0010174757281553397	-1.1805407	1.7356149	1.045648	-10.341906	0.025736677	0.07558971	0.5123525	-0.09221038	5.2930194e-10	-9.830853e-05	2.026558e-10	-0.00022390737	0.63025665	-0.45051396	0.0021334502	-0.0017476286	34.2906	-0.5465393	6.0	0.35930178	0.0139481295	515000	44250.2077562809
103	-2.9312	1.7445879	-1.1	-10.0	0.016	0.1254751	1.0	0.0	39.696	526.0	0.0010115384615384615	-1.642192	2.3929403	0.96200705	-10.064229	0.011618459	0.04601334	0.7311208	-0.050886124	-7.336967e-12	-0.00011209539	1.7881394e-11	-0.00020312249	0.70263535	-0.2681248	0.010373481	-0.004685608	33.74406	0.20795822	5.0	0.41795206	0.018587595	520000	44657.1849398613
104	-2.5955882	1.2954597	-1.0	-10.0	0.022058824	0.14687489	1.0	0.0	36.632355	529.0	0.0010076190476190476	-1.1166189	1.5866702	1.0348015	-8.711794	0.025666907	0.09857444	1.1122868	-0.048996713	4.5047951e-10	-0.00047767867	2.9802322e-10	-0.0007317202	0.5461957	-0.3101452	0.012490297	-0.002943064	33.95202	0.8940277	13.0	0.3981031	0.015457259	525000	45063.222829818726
105	-2.9127998	1.4669137	-0.9	-10.0	0.008	0.08908424	1.0	0.0	39.864	530.0	0.001	-1.312003	1.8806581	0.91924286	-10.489863	0.02843028	0.07627943	0.69592184	-0.14722311	-3.622459e-10	-0.0004640547	-1.7285347e-10	-0.0005500681	0.4578108	-0.2575611	0.0090067005	-0.003698885	34.846046	0.09333038	17.0	0.42425194	0.013196345	530000	45472.40128469467
106	-2.5715327	1.5583516	-1.0	-10.0	0.0	0.0	0.0	0.0	36.39416	530.0	0.0009906542056074767	-1.2362522	2.0829563	1.1060559	-10.939054	0.012276261	0.0641985	0.82176495	-0.06310353	3.1228614e-10	-0.00024754592	2.9802322e-10	-0.00023843645	0.41709214	-0.27319843	0.0012580471	-0.00085880485	34.939377	-0.71032715	79.0	0.4526176	0.0067986436	535000	45879.54192376137
107	-2.5911767	1.1511165	-0.8	-10.0	0.007352941	0.08543346	1.0	0.0	36.75	531.0	0.0009833333333333332	-0.90616953	1.2636871	1.0814605	-7.8690267	0.006624292	0.032466	0.42564446	-0.0530573	-3.4443373e-10	-0.00042365814	-5.662441e-10	-0.0004048271	0.24631108	-0.12674375	0.005688057	-0.0017829803	34.22905	-0.37655258	25.0	0.43894848	0.012844237	540000	46286.53944563866
108	-2.7815382	1.4969089	-0.9	-10.0	0.023076924	0.15014786	1.0	0.0	38.307693	534.0	0.000979816513761468	-1.397706	2.1357746	1.169955	-11.789492	0.013821857	0.044914644	0.70924896	-0.077880196	3.853366e-10	-0.00048367295	3.7699938e-10	-0.0009444473	0.44007862	-0.18120429	0.0150084775	-0.004179436	33.852497	0.8606949	4.0	0.40683615	0.026022058	545000	46693.524661779404
109	-2.9887097	1.9755036	-1.1	-10.0	0.008064516	0.08943981	1.0	0.0	40.177418	535.0	0.0009727272727272727	-1.7906439	2.7776258	0.9980166	-11.151613	0.039745428	0.10097031	0.7434415	-0.1323071	9.365135e-10	-0.00047932236	7.6293943e-10	-0.00054303644	1.3280101	-0.6591056	0.008143649	-0.002963732	34.713192	0.124946594	47.0	0.38828567	0.013335072	550000	47100.373762369156
110	-2.7526717	1.4602796	-1.0	-10.0	0.015267176	0.12261359	1.0	0.0	38.10687	537.0	0.0009675675675675676	-1.2302699	1.6554551	0.9647676	-9.924106	0.028123068	0.08799969	0.6533024	-0.06000724	-1.3262168e-09	-0.00014000977	-1.3232231e-09	-0.00024855134	0.4540984	-0.29989606	0.009095586	-0.0023279977	34.83814	0.34766006	4.0	0.4043873	0.019282617	555000	47502.68375205994
111	-2.8224804	1.6645061	-1.0	-10.0	0.023255814	0.1507149	1.0	0.0	38.713177	540.0	0.0009642857142857143	-1.5173674	2.1775982	1.0493776	-10.055831	0.03535595	0.10541237	1.1087868	-0.196486	-5.585542e-10	-0.0004167456	-1.1056661e-09	-0.00061242003	0.71505827	-0.1929608	0.013746668	-0.003063701	35.1858	1.0855675	3.0	0.3989469	0.04488436	560000	47891.587445259094
112	-2.502878	1.222978	-0.8	-10.0	0.007194245	0.08451324	1.0	0.0	35.870502	541.0	0.0009575221238938053	-1.0058851	1.4391613	1.0439352	-8.604517	-0.008050234	0.05710251	0.7926893	-0.14935094	-1.3848735e-09	-0.00013090631	-6.973743e-10	-0.00031976477	0.48765078	-0.20638132	0.006703653	-0.0028434868	36.271366	0.06831741	2.0	0.36949506	0.02887591	565000	48281.474041461945
113	-2.6729324	1.3743695	-0.8	-10.0	0.02255639	0.14848435	1.0	0.0	37.398495	544.0	0.0009543859649122807	-1.283905	1.8854883	1.0734642	-11.241361	0.023313612	0.09728995	1.1277316	-0.27525362	1.2397988e-10	6.307059e-05	1.1920929e-11	-0.00020809607	0.70399827	-0.47580823	0.0137099335	-0.0035147602	36.339684	0.9010353	3.0	0.35737482	0.018394552	570000	48671.825409173965
114	-2.5617647	1.0170647	-0.7	-6.0	0.014705882	0.120372824	1.0	0.0	36.617645	546.0	0.0009495652173913044	-0.9453348	1.1980104	1.1523283	-9.061722	0.019869111	0.07063669	0.75518835	-0.2034366	-4.282903e-10	-0.00088993413	-6.1392785e-10	-0.0010382887	0.3392637	-0.21949303	0.01261073	-0.0031150393	37.24072	0.6369858	24.0	0.37037715	0.012772187	575000	49061.95754766464
115	-2.4223778	1.4563303	-0.9	-10.0	0.013986014	0.117432564	1.0	0.0	34.916084	548.0	0.0009448275862068966	-0.824088	1.1512408	1.1635256	-8.966392	0.014285487	0.04793064	0.46225095	-0.16463298	-6.347947e-11	-0.00029011	-3.874302e-10	-0.0005893325	0.6261476	-0.3673888	0.010752813	-0.0022050869	37.877705	0.42276764	3.0	0.3966817	0.025857806	580000	49444.563655376434
116	-2.800769	1.6527598	-0.9	-10.0	0.053846154	0.22571385	1.0	0.0	38.33077	555.0	0.0009487179487179487	-1.3310554	1.9037923	1.3702214	-10.230965	0.004394312	0.05487812	0.48171362	-0.29174387	-3.2937906e-09	-0.0007745117	-3.683567e-09	-0.0014579457	1.1732297	-0.54596007	0.04174095	-0.022287633	38.300472	3.4249802	2.0	0.3622291	0.060360096	585000	49816.06267094612
117	-2.9214287	1.9512554	-0.9	-10.0	0.007936508	0.08873286	1.0	0.0	39.603176	556.0	0.0009423728813559322	-1.4597999	2.2119477	1.3769474	-10.911379	0.057639264	0.13996084	0.919173	-0.12567426	1.3509656e-09	0.00016538757	1.4781952e-09	-9.403049e-05	1.1464581	-0.6383564	0.007412779	-0.0044672284	41.725452	0.7609558	2.0	0.39269742	0.0162156	590000	50184.67393255234
118	-2.7305346	1.4662042	-1.0	-10.0	0.0	0.0	0.0	0.0	38.053436	556.0	0.0009344537815126051	-1.2597721	1.817927	1.0653307	-10.18299	0.021032406	0.077239305	0.85137707	-0.08278601	-2.7602656e-10	-0.00028781046	-7.152558e-11	-0.0003161074	0.4234964	-0.1848884	0.004227636	-0.0034223357	42.48641	-0.7895622	6.0	0.41253358	0.016291764	595000	50553.80673766136
119	-2.642537	1.2270201	-1.0	-10.0	0.0074626864	0.08606389	1.0	0.0	37.261192	557.0	0.0009283333333333333	-1.1140537	1.6892679	2.2024326	-10.075623	0.007313064	0.040123068	0.39682466	-0.09017298	7.8365026e-10	-0.00026076683	1.0311604e-09	-0.0003868245	0.63312685	-0.23835593	0.006517827	-0.0024506259	41.696846	-0.41225433	4.0	0.37502328	0.017577268	600000	50923.832867860794
120	-2.8273437	1.6756861	-1.0	-10.0	0.0	0.0	0.0	0.0	38.84375	557.0	0.0009206611570247934	-1.4858817	2.2047462	1.1453265	-11.890451	0.020450773	0.06515988	0.5314521	-0.09260593	-5.2071825e-10	-0.00015290287	-3.993511e-10	-0.00021110207	0.78691995	-0.31037903	0.002803408	-0.0022940908	41.28459	-0.8465233	5.0	0.33259073	0.015916424	605000	51294.50549888611
121	-2.5391307	1.3993496	-0.9	-10.0	0.007246377	0.084816664	1.0	0.0	36.152172	558.0	0.0009147540983606557	-1.3432496	2.1544683	1.7491547	-10.971146	0.0053863893	0.028135037	0.4650368	-0.13848199	-8.0305873e-10	-0.00035942782	-5.304813e-10	-0.0003552255	1.1979417	-0.90002644	0.005240789	-0.0013582746	40.43807	-0.44826508	76.0	0.32422617	0.0123538915	610000	51664.556659936905
122	-3.029268	1.8937093	-0.9	-10.0	0.024390243	0.15425743	1.0	0.0	40.487804	561.0	0.0009121951219512195	-1.5027763	2.1924767	2.1090038	-12.773102	0.018770231	0.055994064	0.43718314	-0.22897726	-1.9182846e-10	-0.0005314364	-4.7087667e-10	-0.00064013735	1.385145	-0.7796094	0.014877707	-0.0042324765	39.989803	1.1066284	36.0	0.33684358	0.012815607	615000	52027.15840649605
123	-2.6311111	1.3300217	-0.9	-10.0	0.022222223	0.14740555	1.0	0.0	36.903706	564.0	0.0009096774193548387	-1.1177441	1.4765629	0.9617914	-9.63567	0.01903953	0.073661946	0.92155135	-0.098950654	1.2879721e-09	-0.00012977463	1.2636184e-09	-0.00033115523	0.75845325	-0.50789255	0.013224501	-0.004607343	41.09643	1.3342056	6.0	0.3013627	0.014630081	620000	52378.4560546875
124	-2.6798508	1.5431979	-0.9	-10.0	0.014925373	0.121254295	1.0	0.0	37.30597	566.0	0.0009056	-0.96820027	1.2991966	1.3458811	-6.131436	0.01666614	0.07057928	0.57994306	-0.27485543	1.9707015e-10	-0.00031380798	-1.66893e-10	-0.00046562398	0.5958177	-0.32998756	0.009210762	-0.0037893504	42.430637	0.7024727	15.0	0.33724937	0.012717412	625000	52729.19292426109
125	-2.538686	1.1589228	-0.8	-10.0	0.00729927	0.08512339	1.0	0.0	36.30657	567.0	0.0009	-1.0708787	1.4780122	1.4062366	-7.900588	0.012824157	0.06628678	0.81432277	-0.21080472	4.6052922e-11	-0.00018469286	2.682209e-10	-0.00033911737	0.38369718	-0.258505	0.0070142434	-0.0015402585	43.13311	-0.10782242	5.0	0.30455247	0.01699201	630000	53080.5156815052
126	-2.9677417	1.6982698	-0.8	-10.0	0.024193548	0.15364967	1.0	0.0	40.05645	570.0	0.0008976377952755906	-1.339076	1.8799062	1.3022445	-10.295878	0.012222229	0.04448701	0.4016624	-0.13416213	-2.1687489e-10	-0.00016859922	-2.0861626e-10	-0.00030131466	0.6145029	-0.31267834	0.016173163	-0.0076236427	43.025288	1.1602478	5.0	0.26691777	0.017971836	635000	53432.012736320496
127	-2.43169	0.9104533	-0.8	-6.0	0.028169014	0.16545549	1.0	0.0	35.161972	574.0	0.000896875	-0.93669647	1.3134682	1.9765251	-8.924629	0.02199895	0.08223687	1.0401005	-0.15308326	-4.1381362e-10	-0.0005241884	-5.4836274e-10	-0.0006513634	0.47969678	-0.38680828	0.015159643	-0.0028536571	44.185535	1.9140663	12.0	0.24377514	0.01873341	640000	53782.94493508339
128	-2.7219696	1.2814714	-0.8	-10.0	0.03787879	0.19090308	1.0	0.0	37.803032	579.0	0.0008976744186046512	-0.89805037	1.0991688	1.1871563	-3.418817	0.064991236	0.13975005	1.052931	-0.15554641	1.0225639e-09	-0.0003833707	1.4543533e-09	-0.00065627863	0.46133065	-0.21055478	0.020182617	-0.0067594573	46.0996	2.8134117	4.0	0.27204546	0.023196384	645000	54135.16662287712
129	-2.6455224	1.315443	-0.9	-10.0	0.02238806	0.14794199	1.0	0.0	37.126865	582.0	0.0008953846153846154	-0.92334414	1.1769909	1.1698194	-4.7137685	0.044689517	0.112404644	1.0933833	-0.16549158	8.2052426e-10	-0.000484297	1.090765e-09	-0.0008393516	0.42338204	-0.18404938	0.0138487	-0.0048440723	48.913013	1.7155876	6.0	0.2926068	0.029530657	650000	54485.58405637741
130	-2.4429579	1.3167608	-0.9	-10.0	0.028169014	0.16545549	1.0	0.0	35.119717	586.0	0.0008946564885496184	-1.0586255	1.60909	1.4749486	-7.902867	0.032636266	0.11013059	0.92090607	-0.13189955	6.5073745e-11	-0.00029806982	2.6226044e-10	-0.00069720333	0.5004418	-0.2519102	0.015166483	-0.00284216	50.6286	1.851574	5.0	0.34196654	0.0347898	655000	54835.498967409134
131	-2.551095	1.1352428	-0.9	-10.0	0.02189781	0.1463499	1.0	0.0	36.270073	589.0	0.0008924242424242424	-0.94942236	1.5501823	1.1152619	-10.260919	0.037214484	0.10294737	1.0304947	-0.07629447	4.917447e-10	9.08553e-05	3.993511e-10	4.034638e-05	0.43781954	-0.24543135	0.01028567	-0.002051075	52.480175	1.4590034	4.0	0.34634608	0.011382227	660000	55186.85443067551
132	-2.5970368	1.0875689	-0.9	-10.0	0.0074074073	0.085746944	1.0	0.0	36.807407	590.0	0.000887218045112782	-0.97471505	1.4417744	1.0578474	-9.451229	0.023725742	0.07414542	0.97241133	-0.13737833	-7.452919e-10	-0.00017962011	-6.318092e-10	-0.00022976866	0.2982916	-0.110948965	0.0043023825	-0.001549232	53.93918	0.07049179	23.0	0.3395697	0.01259915	665000	55540.21882009506
133	-2.6186566	1.2582366	-0.9	-10.0	0.0074626864	0.08606389	1.0	0.0	37.104477	591.0	0.000882089552238806	-0.98699504	1.3342373	1.4540541	-9.843687	0.02690778	0.09564045	1.1152599	-0.1955048	-5.416417e-10	-0.00039246338	-5.304813e-10	-0.00060471956	0.28084376	-0.12308638	0.0090436265	-0.0042776885	54.00967	-0.28475952	4.0	0.34466854	0.037159193	670000	55891.394181489944
134	-2.7661536	1.3839494	-0.9	-10.0	0.015384615	0.12307692	1.0	0.0	38.32308	593.0	0.0008785185185185185	-1.2554864	1.7797121	1.6348474	-9.940257	0.01585621	0.059999242	0.8159933	-0.24517277	-6.971019e-10	-0.00022268762	-8.1658363e-10	-0.0005261781	0.5124878	-0.3343683	0.0120313205	-0.0061808927	53.72491	0.4226303	7.0	0.33730352	0.02501261	675000	56241.99475121498
135	-2.6410449	1.1443053	-0.9	-10.0	0.014925373	0.121254295	1.0	0.0	37.16418	595.0	0.000875	-0.8951679	1.1720874	1.3641053	-9.0590515	0.016850729	0.09507159	0.94623345	-0.17781	5.9574834e-10	-0.000253489	5.856156e-10	-0.0003520841	0.20926206	-0.100876905	0.011065194	-0.004977124	54.14754	0.5919533	9.0	0.35828754	0.019589216	680000	56594.131934165955
136	-3.0154471	1.7502165	-0.8	-10.0	0.016260162	0.1264744	1.0	0.0	40.617886	597.0	0.0008715328467153284	-1.521011	2.2161913	1.2183294	-9.750173	0.027939001	0.07547939	0.7740411	-0.20334727	-4.0722203e-10	-0.00031959967	-3.3974648e-10	-0.0004353608	0.7316408	-0.40119305	0.008408934	-0.0029654694	54.739494	0.71933746	30.0	0.4066144	0.013465372	685000	56946.42034268379
137	-2.748855	1.4715297	-0.8	-10.0	0.015267176	0.12261358	1.0	0.0	38.068703	599.0	0.0008681159420289856	-1.3041687	2.0061705	1.0562139	-10.079484	0.02526391	0.09204222	1.2028254	-0.10174208	5.382303e-10	-0.00015690803	3.2782554e-10	-0.00024261903	0.41856554	-0.1559054	0.0065180543	-0.0010715974	55.45883	0.67196274	7.0	0.39087924	0.019919403	690000	57297.56187033653
138	-2.5391304	1.1691341	-0.9	-10.0	0.007246377	0.084816664	1.0	0.0	36.231884	600.0	0.0008633093525179857	-1.0810043	1.6730525	1.1069707	-11.154835	0.010961468	0.049641125	0.7494521	-0.18462253	-2.2083653e-10	-0.00028954292	-2.1457672e-10	-0.00044593928	0.53856015	-0.44256777	0.0052604163	-0.002343605	56.130795	-0.12218857	7.0	0.3845291	0.020428564	695000	57649.08841085434
139	-2.477857	0.937936	-0.9	-5.4	0.014285714	0.11866605	1.0	0.0	35.7	602.0	0.00086	-0.84769464	1.2046295	1.9770322	-8.804028	0.004628221	0.030965116	0.6573295	-0.14149864	-1.2347364e-09	-0.00025977098	-1.0967255e-09	-0.0004126258	0.18676262	-0.12984836	0.007965035	-0.001634601	56.008606	0.351326	4.0	0.35194248	0.024022315	700000	58001.03084874153
140	-2.7320611	1.2573004	-1.0	-10.0	0.015267176	0.12261358	1.0	0.0	38.068703	604.0	0.0008567375886524822	-0.9526751	1.3332865	1.0620605	-9.227455	0.023396766	0.098617375	1.0731937	-0.06827718	1.2039839e-10	-0.00030308313	-1.5497208e-10	-0.0004102655	0.36459067	-0.21005267	0.007197615	-0.0021993043	56.359932	0.65205	24.0	0.35748526	0.013748607	705000	58352.926423072815
141	-2.763077	1.6707962	-0.9	-10.0	0.0076923077	0.08736782	1.0	0.0	38.123077	605.0	0.000852112676056338	-1.1212993	1.4941754	1.143287	-7.502301	0.036014415	0.09979033	1.0251979	-0.10069606	-1.7497859e-10	-6.1510225e-05	-5.1259996e-10	-0.00011095981	0.6133885	-0.2926896	0.0051054675	-0.0018438913	57.011982	-0.08428955	7.0	0.3926852	0.012446776	710000	58704.015795230865
142	-2.6022222	1.0220869	-0.8	-6.5	0.022222223	0.14740555	1.0	0.0	36.85926	608.0	0.0008503496503496504	-1.073277	1.4643651	1.206046	-8.194594	0.016751066	0.067974836	1.0708295	-0.104864866	5.218358e-10	-0.000279051	2.026558e-10	-0.0003835464	0.41465756	-0.34012336	0.013285733	-0.0052579306	56.927692	1.2082672	20.0	0.36539376	0.012934056	715000	59056.61945390701
143	-2.6358206	1.1417062	-0.9	-10.0	0.0074626864	0.08606389	1.0	0.0	37.19403	609.0	0.0008458333333333333	-0.9236885	1.195523	1.0134724	-7.965184	0.01763102	0.06546114	0.7391809	-0.40152273	-1.3278799e-10	-0.00033872816	-2.384186e-10	-0.00046008674	0.19878547	-0.06449221	0.005954956	-0.0028033075	58.13596	0.09202957	19.0	0.35228994	0.012938168	720000	59409.21109819412
144	-2.7587786	1.6494213	-0.8	-10.0	0.030534351	0.17205232	1.0	0.0	38.0	613.0	0.0008455172413793104	-1.1466489	1.5905261	1.4083517	-7.57563	0.027197454	0.1078116	1.1495023	-0.31145576	7.169346e-11	-0.00043167907	-4.172325e-11	-0.000542642	0.4908796	-0.23500285	0.012756145	-0.007168165	58.22799	2.0921364	6.0	0.3733182	0.018080972	725000	59760.025797605515
145	-2.4666667	1.1482127	-0.9	-10.0	0.021276595	0.1443049	1.0	0.0	35.35461	616.0	0.0008438356164383561	-1.0269986	1.5066458	1.2995722	-8.237576	0.03265746	0.12329192	1.1670483	-0.22640891	-1.4431092e-10	-0.0009492107	-1.6093255e-10	-0.0010960675	0.35597324	-0.15609924	0.0109366635	-0.005795341	60.320126	1.7867317	5.0	0.31303465	0.023168085	730000	60110.320885658264
146	-2.3993006	0.9086605	-0.8	-5.1	0.006993007	0.083331294	1.0	0.0	34.916084	617.0	0.0008394557823129252	-0.82282746	1.1753997	1.1266348	-9.245511	0.003865512	0.036036834	0.41911963	-0.198612	-7.14777e-10	-7.668465e-05	-6.556511e-10	-0.00017520858	0.21269785	-0.15826964	0.0065072333	-0.003295983	62.106857	0.024089813	10.0	0.24131657	0.015706189	735000	60461.92491722107
147	-2.4685712	1.2380334	-0.9	-10.0	0.0	0.0	0.0	0.0	35.528572	617.0	0.0008337837837837838	-0.7406756	1.0316514	1.0754641	-3.443306	0.013763251	0.074086435	0.68524325	-0.12857041	4.724739e-10	-0.0011106529	1.1920929e-11	-0.0011640732	0.35092503	-0.20810732	0.0018720693	-0.0013061948	62.130947	-1.1664848	36.0	0.249023	0.013856532	740000	60812.69480371475
148	-2.7784617	1.6619723	-0.9	-10.0	0.0076923077	0.08736782	1.0	0.0	38.276924	618.0	0.0008295302013422819	-1.0873787	1.476041	1.26479	-8.198138	0.015093228	0.053950876	0.4964589	-0.09395166	-1.696634e-11	-0.00021673973	-1.8775463e-10	-0.00028843232	0.65441775	-0.21240741	0.0051758275	-0.0012570457	60.964462	-0.5555496	79.0	0.2829956	0.011496821	745000	61165.011833667755
149	-2.7511451	1.7446698	-0.9	-10.0	0.015267176	0.12261358	1.0	0.0	38.007633	620.0	0.0008266666666666666	-1.516957	2.2463214	1.2064168	-9.963234	0.028254675	0.07655135	0.74044335	-0.6770062	2.2445898e-10	-0.00045966601	3.5762787e-10	-0.0007314583	0.781592	-0.4864064	0.008825617	-0.0027584746	60.408913	0.5128975	4.0	0.24383713	0.041005567	750000	61517.1446723938
