Epoch	AverageEpRet	StdEpRet	MaxEpRet	MinEpRet	AverageEpCost	StdEpCost	MaxEpCost	MinEpCost	EpLen	CumulativeCost	CostRate	AverageVVals	StdVVals	MaxVVals	MinVVals	AverageCostVVals	StdCostVVals	MaxCostVVals	MinCostVVals	LossPi	DeltaLossPi	SurrCost	DeltaSurrCost	LossV	DeltaLossV	LossVC	DeltaLossVC	Penalty	DeltaPenalty	StopIter	Entropy	KL	TotalEnvInteracts	Time
0	-2.8100002	2.5654933	-0.3	-10.0	0.2642857	0.44095215	1.0	0.0	35.564285	37.0	0.0074	-0.45643178	0.22754316	0.083727844	-1.2306851	-0.0756317	0.30389223	0.55629766	-0.75205064	-8.041209e-09	-0.0032104969	-1.1038781e-08	-0.004021801	4.8725977	-2.473776	0.21242376	-0.14959906	10.0	2.0014944	6.0	0.9935339	0.014408841	5000	540.5854811668396
1	-3.411017	2.3798156	-0.4	-10.0	0.23728813	0.4254203	1.0	0.0	42.22034	65.0	0.0065	-1.8422039	0.9355947	1.5520751	-3.9782171	0.10784809	0.108363405	0.8125632	-0.08241535	-9.390205e-10	-0.0015614786	-1.0967255e-09	-0.0012170383	2.230886	-0.48359632	0.06680298	-0.009748988	12.001494	1.8961754	10.0	1.0094069	0.0142496275	10000	1084.9383702278137
2	-2.8218977	1.6801857	-0.3	-10.0	0.24817519	0.431954	1.0	0.0	36.40876	99.0	0.0066	-1.6160209	1.236728	2.0961034	-4.3616695	0.10610954	0.12085997	0.93118715	-0.08562874	2.2744377e-09	-0.0016587031	1.1205673e-09	-0.0036577964	1.2164849	-0.5065808	0.059966527	-0.008401062	13.89767	1.9621906	5.0	0.98131853	0.018466905	15000	1632.7724888324738
3	-3.6663547	2.033318	-0.3	-10.0	0.12149533	0.326702	1.0	0.0	46.429905	112.0	0.0056	-1.2813448	1.1692334	1.5055991	-3.8866913	0.06067041	0.1257447	0.81049716	-0.17322175	-7.752334e-11	-0.0009467525	-1.5616417e-09	-0.000112720176	1.0309734	-0.2264179	0.03851414	-0.008815588	15.85986	1.2322054	16.0	0.95176643	0.0149775455	20000	2184.5862979888916
4	-3.0031743	1.3396835	-0.5	-7.0	0.15873016	0.36542425	1.0	0.0	39.54762	132.0	0.00528	-1.5889908	1.3833736	1.929167	-6.351009	0.06960534	0.121537074	0.95803595	-0.19559377	1.4103468e-09	-0.00086944446	8.3446505e-10	-0.00097575976	0.65375686	-0.3346789	0.0560057	-0.010675292	17.092066	1.3617878	18.0	0.88826585	0.013854383	25000	2735.545691728592
5	-2.8374047	1.335901	-0.4	-10.0	0.114503816	0.3184222	1.0	0.0	38.030533	147.0	0.0049	-1.1370918	1.1774844	1.3341814	-3.7554722	0.0712096	0.112805486	0.7346297	-0.21372585	2.4764235e-09	-0.0007768849	2.7656555e-09	-0.0020425736	0.2977222	-0.07669526	0.045224726	-0.008683547	18.453854	1.1770859	8.0	0.78954726	0.01853063	30000	3288.1259343624115
6	-3.0628097	1.2100906	-0.8	-10.0	0.05785124	0.23346192	1.0	0.0	41.082645	154.0	0.0044	-1.0538248	1.2012037	1.4239107	-4.354747	0.04515114	0.092545845	0.5668936	-0.15257782	5.495184e-10	-0.0007100409	5.4836274e-10	-0.00075226073	0.29223993	-0.056993842	0.02742431	-0.007808171	19.63094	0.67393494	18.0	0.76022285	0.012826628	35000	3835.7320761680603
7	-3.2155173	1.5113709	-0.5	-10.0	0.04310345	0.20308998	1.0	0.0	42.681034	159.0	0.003975	-1.1793604	1.2689829	1.4342141	-6.431645	0.05565675	0.12790269	1.3130839	-0.16481748	-1.3417699e-09	-0.0010470848	-7.0333483e-10	-0.0011577408	0.4541007	-0.11167744	0.02643789	-0.0069882963	20.304874	0.44115257	73.0	0.6652673	0.012279213	40000	4384.6465747356415
8	-2.9248004	1.3271115	-0.8	-10.0	0.04	0.19595918	1.0	0.0	39.808	164.0	0.0036444444444444445	-1.1606355	1.3121743	1.7718959	-5.4621553	0.032139644	0.07449953	0.62386197	-0.23256871	1.2385847e-09	-0.0003259179	1.013279e-09	-0.0009148825	0.35334203	-0.08153069	0.01955944	-0.0028986055	20.746027	0.39768028	9.0	0.6834506	0.014768982	45000	4928.684935569763
9	-3.0445378	1.2980074	-0.7	-10.0	0.0	0.0	0.0	0.0	41.35294	164.0	0.00328	-1.1697336	1.339527	1.6536652	-4.910003	0.03210934	0.07274073	0.3965743	-0.1018391	2.9500286e-10	-0.0007472883	-2.503395e-10	-0.00041248123	0.34358978	-0.09912035	0.004266206	-0.0033138576	21.143707	-0.030620575	79.0	0.6687715	0.007325325	50000	5481.442165374756
10	-3.0163934	1.1091541	-0.4	-5.7	0.057377048	0.23256166	1.0	0.0	40.713116	171.0	0.003109090909090909	-1.258908	1.3574331	1.6654818	-5.4991837	0.005586435	0.02385356	0.11413223	-0.074270345	3.414552e-11	-0.00085580524	3.576279e-11	-0.0010172798	0.25377324	-0.14608574	0.023639655	-0.005551804	21.113087	0.5106392	52.0	0.63895994	0.012347303	55000	6033.411294698715
11	-3.0619836	1.2889394	-0.7	-10.0	0.05785124	0.23346192	1.0	0.0	41.07438	178.0	0.0029666666666666665	-1.0923718	1.195946	1.4852359	-3.9456415	0.034239773	0.07456968	0.6151983	-0.10746439	-1.1054483e-09	-0.00054235186	-1.1742115e-09	-0.00042327688	0.28470635	-0.08517207	0.02689287	-0.0045545194	21.623726	0.7282562	22.0	0.5673796	0.012333641	60000	6582.625442743301
12	-3.0609756	1.7416763	-0.3	-10.0	0.06504065	0.24659757	1.0	0.0	40.626015	186.0	0.0028615384615384614	-1.2594558	1.4016603	2.5394266	-7.0624824	0.06992722	0.14079043	1.106715	-0.3645925	-2.4871164e-11	-0.0011810915	1.7881394e-10	-0.0013669961	0.7393449	-0.2644427	0.026941687	-0.0053056553	22.351982	0.85562706	42.0	0.5057985	0.013255096	65000	7127.7880573272705
13	-3.0409834	1.5329578	-0.9	-10.0	0.040983606	0.19825222	1.0	0.0	40.86885	191.0	0.0027285714285714287	-1.3435575	1.5241913	1.8352766	-5.859877	0.072158754	0.14850952	0.78588486	-0.13446783	-1.5001141e-09	-0.0006176723	-1.6510486e-09	-0.0009615424	0.63149124	-0.25963396	0.020137917	-0.0039312	23.20761	0.6098633	28.0	0.4982452	0.01254979	70000	7673.376223564148
14	-3.15042	1.4717436	-0.6	-10.0	0.067226894	0.25041455	1.0	0.0	41.672268	199.0	0.0026533333333333335	-1.2677239	1.4760379	3.3020341	-7.833962	0.05083755	0.10114769	0.82796973	-0.24821976	-1.0116813e-09	-0.0006164474	-3.8146972e-10	-0.00055124145	0.54737425	-0.19207662	0.028075637	-0.0041089207	23.817472	0.8959484	47.0	0.44835585	0.012054953	75000	8224.191568136215
15	-3.1756306	1.7336981	-0.9	-10.0	0.05882353	0.23529415	1.0	0.0	41.92437	206.0	0.002575	-1.5519683	1.9102954	1.837056	-8.281309	0.07489618	0.13667086	0.76318556	-0.21049581	3.7603648e-10	-0.00047910758	4.529953e-10	-0.0006350698	0.67455274	-0.22722393	0.02637352	-0.0043069795	24.71342	0.90994453	17.0	0.43667933	0.014450269	80000	8724.356184482574
16	-2.8840003	0.87830746	-0.7	-5.1	0.0	0.0	0.0	0.0	39.84	206.0	0.002423529411764706	-0.965941	1.2293115	1.4071182	-6.250283	0.018571032	0.06559315	0.35208714	-0.13566194	1.967537e-10	-0.00017724908	-2.9802322e-10	-0.000106619525	0.15405147	-0.082578	0.004647237	-0.003989566	25.623365	0.05098915	79.0	0.38289484	0.0034788726	85000	9168.706336259842
17	-2.986179	1.2153708	-0.6	-10.0	0.048780486	0.21540879	1.0	0.0	40.414635	212.0	0.0023555555555555556	-1.1132314	1.2297007	1.1124957	-5.9559855	0.010775116	0.046776876	0.4443542	-0.09652677	2.8229419e-09	-0.0007334415	3.0517577e-09	-0.0009935343	0.29760385	-0.11344886	0.02580073	-0.008000361	25.674355	0.5484276	32.0	0.36203763	0.013085629	90000	9612.842413187027
18	-2.7651165	1.0552675	-0.8	-10.0	0.015503876	0.123545565	1.0	0.0	38.395348	214.0	0.0022526315789473685	-1.0204023	1.2777128	1.3849971	-6.1191735	0.014538961	0.07351681	0.72585857	-0.17292541	-2.3277351e-10	-0.00047371906	-1.9073486e-10	-0.0005373793	0.23557429	-0.097809434	0.009620518	-0.003390946	26.222782	0.25458717	49.0	0.38210067	0.012158177	95000	10047.06482386589
19	-2.78125	0.93028474	-0.9	-7.4	0.0078125	0.0880424	1.0	0.0	38.726562	215.0	0.00215	-0.97752714	1.2281313	1.230812	-6.9556456	0.010690366	0.0430064	0.43530533	-0.12885952	6.0176314e-10	-0.00039992318	-2.3841857e-11	-0.00041459166	0.1261669	-0.06987947	0.0064658737	-0.0017458936	26.47737	-0.013175964	79.0	0.32725346	0.010022831	100000	10451.831986904144
20	-2.8803148	1.4494658	-0.9	-10.0	0.03937008	0.19447388	1.0	0.0	39.19685	220.0	0.0020952380952380953	-1.191148	1.581452	1.0648414	-8.329774	0.030290594	0.079591095	0.49820656	-0.07241609	-4.0895554e-10	-0.0010181451	-1.0728836e-10	-0.0013646843	0.43658966	-0.21718724	0.018728051	-0.0022419933	26.464193	0.49333382	45.0	0.36322153	0.01272916	105000	10856.421347856522
21	-2.8527558	1.3993152	-0.8	-10.0	0.015748031	0.12449912	1.0	0.0	39.181103	222.0	0.0020181818181818183	-1.1625369	1.6167874	1.643616	-8.588219	0.030080304	0.063487954	0.4676234	-0.29619405	-2.3228772e-10	-0.00023139779	-9.059906e-10	-0.0003095539	0.64125276	-0.1240657	0.010584049	-0.0012679799	26.957527	0.24350739	5.0	0.3770348	0.018705895	110000	11259.3601064682
22	-2.99187	1.4921254	-0.8	-10.0	0.016260162	0.1264744	1.0	0.0	40.560974	224.0	0.0019478260869565218	-1.2831676	1.5336722	1.1263359	-7.664252	0.03654661	0.088203944	0.5221797	-0.099236526	-1.1870707e-10	-4.2247884e-05	-2.5629998e-10	-6.468582e-05	0.44506583	-0.20094723	0.010252257	-0.001876764	27.201035	0.14443779	4.0	0.36717066	0.015700769	115000	11664.169648647308
23	-2.669403	1.2712803	-0.6	-10.0	0.04477612	0.20681204	1.0	0.0	37.201492	230.0	0.0019166666666666666	-1.1702614	1.5751679	1.1103545	-8.612019	0.025138449	0.074066296	0.60028684	-0.10990722	7.117381e-10	-0.00028374617	3.5762787e-10	-0.0008401193	0.30578867	-0.14806458	0.025550636	-0.0032439344	27.345472	0.68006325	7.0	0.3720502	0.022687342	120000	12067.785443544388
24	-2.740458	1.2758341	-0.8	-10.0	0.030534351	0.17205234	1.0	0.0	38.15267	234.0	0.001872	-1.016516	1.4037775	1.1542989	-7.3582644	0.040702857	0.097487755	0.644314	-0.14505503	-1.1657554e-09	-0.00056701433	-1.1324882e-09	-0.00067610916	0.36651593	-0.08338317	0.02128971	-0.0034003053	28.025536	0.58133507	30.0	0.3912167	0.012433351	125000	12471.029218912125
25	-2.70303	1.1706603	-0.8	-10.0	0.015151516	0.12215543	1.0	0.0	37.780304	236.0	0.0018153846153846154	-1.0665984	1.3918397	1.1835039	-7.769447	0.02752923	0.05865932	0.36683863	-0.12478474	4.8005827e-10	-0.00019415923	4.768372e-10	-0.00010124558	0.40881756	-0.06401235	0.007972295	-0.0013998826	28.60687	0.21116638	79.0	0.31710073	0.004343213	130000	12875.14238858223
26	-2.8748033	1.4168262	-0.6	-10.0	0.047244094	0.21216054	1.0	0.0	39.14173	242.0	0.0017925925925925926	-1.0962806	1.2752162	1.229624	-4.6383834	0.028230313	0.07007211	0.6595008	-0.116889134	-2.5797025e-09	-0.00037121144	-2.0205975e-09	-0.0009069739	0.50485665	-0.25743854	0.02480888	-0.0057624504	28.818037	0.78531075	5.0	0.28742385	0.026736874	135000	13280.335619449615
27	-2.9918697	1.3111526	-1.0	-10.0	0.032520324	0.17737743	1.0	0.0	40.560974	246.0	0.001757142857142857	-1.0664335	1.3895311	0.98714757	-6.858004	0.042734936	0.119589105	0.78863865	-0.17818104	1.2298489e-09	-0.00034655037	1.6450882e-09	-0.00038601554	0.34360534	-0.11966774	0.020474019	-0.0047261342	29.603348	0.68442726	13.0	0.3201223	0.016247489	140000	13684.275791168213
28	-2.9336002	1.0806624	-0.8	-6.0	0.056	0.22992174	1.0	0.0	39.72	253.0	0.0017448275862068966	-1.1292508	1.28694	2.032396	-8.927485	0.06728233	0.1007797	0.97231996	-0.23144181	1.66933e-09	-0.0005924573	1.1324882e-09	-0.0007223629	0.1889527	-0.09699176	0.029037995	-0.00489787	30.287775	1.1143494	30.0	0.26301488	0.01410643	145000	14090.833585977554
29	-2.6440299	1.1690991	-0.8	-10.0	0.04477612	0.20681204	1.0	0.0	37.11194	259.0	0.0017266666666666667	-0.968992	1.1750708	1.152608	-4.306402	0.04363584	0.11137393	0.74050915	-0.14104162	9.74717e-10	-0.0006495729	9.2983243e-10	-0.0012886875	0.26661962	-0.096462354	0.023002973	-0.0049555693	31.402124	1.0344791	5.0	0.2914201	0.02531362	150000	14495.849068403244
30	-2.8125987	1.5198419	-1.0	-10.0	0.023622047	0.15186852	1.0	0.0	38.692913	262.0	0.0016903225806451613	-1.0721638	1.4125974	1.015934	-6.7048073	0.049925294	0.11981319	0.71178484	-0.13513082	-7.0511746e-10	7.627187e-05	-7.0333483e-10	-0.0003537623	0.6493862	-0.26743954	0.013626206	-0.0037197461	32.436604	0.5227928	4.0	0.33070952	0.017812228	155000	14899.421953201294
31	-3.007377	1.1818414	-1.3	-10.0	0.016393442	0.12698306	1.0	0.0	40.893444	264.0	0.00165	-1.1389983	1.5415888	1.1395843	-9.72882	0.023710508	0.08032827	0.7303819	-0.1926844	-5.690051e-10	-0.0004396412	-4.5895576e-10	-0.00059369	0.24018791	-0.09394264	0.011178662	-0.0021068724	32.959396	0.23952484	36.0	0.33603027	0.012073476	160000	15304.336488485336
32	-2.9943092	1.3773605	-1.0	-10.0	0.024390243	0.15425743	1.0	0.0	40.585365	267.0	0.001618181818181818	-1.1462411	1.4968928	1.8213149	-9.739274	0.025396934	0.06690616	0.35885686	-0.17599057	6.5813666e-10	-0.000578056	3.1888486e-10	-0.000735383	0.3757539	-0.12023559	0.012887128	-0.002513877	33.19892	0.38271332	23.0	0.3852905	0.013828524	165000	15709.597764968872
33	-2.8390627	1.3831708	-1.1	-10.0	0.0234375	0.1512884	1.0	0.0	38.960938	270.0	0.001588235294117647	-1.0148113	1.285418	1.2013332	-9.173302	0.01791548	0.0725168	0.5133748	-0.14686868	-2.9928252e-10	-0.00047715192	-3.9339065e-10	-0.00071294483	0.33758205	-0.13180023	0.014964537	-0.0029046126	33.581635	0.42206955	18.0	0.39105058	0.013255379	170000	16198.709999799728
34	-3.1228817	1.4700636	-1.2	-10.0	0.0	0.0	0.0	0.0	41.949154	270.0	0.001542857142857143	-1.3506334	1.7420967	1.1179394	-8.899893	0.03209555	0.07475634	0.4888314	-0.1453106	-3.947258e-10	-0.00017687377	-1.3709069e-10	-0.0003132072	0.35344338	-0.14690301	0.00289831	-0.002063265	34.003704	-0.1508789	31.0	0.41685873	0.012100793	175000	16689.859198093414
35	-3.1610167	1.4657117	-1.2	-10.0	0.016949153	0.1290809	1.0	0.0	42.33051	272.0	0.001511111111111111	-1.2514597	1.5349336	1.046502	-8.881408	0.013498638	0.058362957	0.45064878	-0.07409742	-5.2352583e-10	-0.0003416219	-2.7418137e-10	-0.0004134266	0.45607403	-0.2174717	0.012281815	-0.0015697693	33.852825	0.10802078	25.0	0.43572968	0.012834049	180000	17188.21562886238
36	-3.0404959	1.3332728	-1.0	-10.0	0.016528925	0.12749794	1.0	0.0	41.132233	274.0	0.001481081081081081	-1.2236577	1.5749713	1.6174347	-9.255604	0.02293604	0.059309278	0.4650332	-0.14650044	5.224273e-11	-0.000533724	-3.695488e-10	-0.0005507034	0.647511	-0.18668473	0.01024817	-0.0007447265	33.960846	0.21865082	31.0	0.41512588	0.012794231	185000	17679.087985038757
37	-2.8007812	1.1423999	-1.1	-9.8	0.0234375	0.1512884	1.0	0.0	38.835938	277.0	0.0014578947368421053	-1.0829029	1.2954043	1.4920841	-6.8161683	0.016310066	0.05392112	0.53777146	-0.15058756	1.3877326e-09	-0.0004240587	1.7464161e-09	-0.00066280167	0.2373097	-0.10294357	0.011579115	-0.0037264116	34.179497	0.40899658	20.0	0.44612432	0.012582275	190000	18173.602843284607
38	-3.2316234	1.9806175	-1.1	-10.0	0.008547009	0.09205412	1.0	0.0	42.564102	278.0	0.0014256410256410256	-1.5479107	2.0206954	1.5688142	-10.259679	0.067533225	0.15335464	1.0313154	-0.10658635	2.3053356e-10	-0.0006577679	-2.384186e-10	-0.0008506529	1.3069279	-0.69446045	0.011394701	-0.005877726	34.588493	0.06402969	7.0	0.41553485	0.01763134	195000	18666.416116714478
39	-2.939516	1.680045	-0.9	-10.0	0.0	0.0	0.0	0.0	39.951614	278.0	0.00139	-1.4792304	1.9510632	1.3665072	-10.06128	0.036254633	0.09566878	0.59113973	-0.12153542	-3.8720627e-10	-0.0001578066	-5.304813e-10	-0.0002951789	0.7736148	-0.21716529	0.0022564158	-0.0011269149	34.652523	-0.29052734	21.0	0.38466725	0.014234213	200000	19159.763902425766
40	-2.7945735	1.4562514	-1.1	-10.0	0.023255814	0.1507149	1.0	0.0	38.604652	281.0	0.0013707317073170732	-1.5271432	2.125302	1.4532427	-10.0876665	0.020337328	0.06593607	0.54366356	-0.0753069	-1.2267527e-09	-0.00045249698	-5.6028365e-10	-0.00057950255	0.859037	-0.5707153	0.013447238	-0.0039207395	34.361996	0.30248642	39.0	0.44824815	0.01308168	205000	19652.337478399277
41	-2.9488	1.7627077	-0.9	-10.0	0.016	0.1254751	1.0	0.0	39.96	283.0	0.0013476190476190476	-1.2684277	1.7932613	1.3758168	-11.171672	0.06182654	0.1726676	1.2729496	-0.110476665	-4.1711162e-10	-0.00024240959	-5.722046e-10	-0.000311964	0.7049115	-0.30914518	0.014351598	-0.003278545	34.664482	0.28473663	10.0	0.39902094	0.014019543	210000	20141.31008028984
42	-2.9943094	1.5511496	-0.9	-10.0	0.024390243	0.15425743	1.0	0.0	40.495934	286.0	0.0013302325581395348	-1.5266064	2.082449	1.3829018	-10.447407	0.04615065	0.10578164	0.7812652	-0.1570115	-2.0268055e-11	-0.00032638962	-4.4107437e-10	-0.00045445407	0.6325275	-0.18002328	0.015301828	-0.002890261	34.94922	0.48601913	5.0	0.34390366	0.023825949	215000	20636.9424366951
43	-2.7278194	1.3975464	-0.8	-10.0	0.060150377	0.23776524	1.0	0.0	37.451126	294.0	0.0013363636363636364	-1.2863369	1.8740829	1.2863097	-10.289788	0.03593729	0.08934362	0.73871964	-0.12568559	-8.257812e-10	-0.0007592062	-8.881092e-10	-0.0012172804	0.341173	-0.16415218	0.023331933	-0.0039120447	35.435238	1.650734	7.0	0.34280494	0.032486208	220000	21130.799641370773
44	-2.7883723	1.5320164	-1.0	-10.0	0.007751938	0.08770316	1.0	0.0	38.542637	295.0	0.0013111111111111112	-1.2415729	1.7602446	0.9833578	-9.215546	0.069934525	0.15721628	1.3827188	-0.11007137	9.809691e-10	-2.3708904e-05	1.1205673e-09	-0.00019161524	0.88340616	-0.39015114	0.008301379	-0.006083321	37.08597	0.3637352	4.0	0.3719442	0.015447023	225000	21618.778747558594
45	-2.772093	1.2347034	-0.9	-10.0	0.015503876	0.123545565	1.0	0.0	38.55039	297.0	0.001291304347826087	-1.1074824	1.6891992	1.707681	-10.228903	0.015281268	0.054802045	0.6009517	-0.0967995	3.85575e-10	-0.00014593708	2.3543834e-10	-0.00021739925	0.33061358	-0.13859141	0.0109514985	-0.00085368194	37.449707	0.16137695	9.0	0.36778212	0.016704177	230000	22110.409447431564
46	-2.8539684	1.4456091	-1.0	-10.0	0.007936508	0.08873286	1.0	0.0	39.27778	298.0	0.0012680851063829788	-1.3209991	2.032056	1.0687624	-11.310976	0.025014691	0.07231507	0.52976793	-0.09065387	-1.2127961e-09	-0.0002476495	-1.0371208e-09	-0.00026191463	0.7523912	-0.30497384	0.007487149	-0.0012276815	37.611084	-0.017299652	11.0	0.33100662	0.014511502	235000	22596.524181842804
47	-2.9854836	1.4977238	-0.9	-10.0	0.032258064	0.1766847	1.0	0.0	40.322582	302.0	0.0012583333333333333	-1.199037	1.3753666	1.565819	-7.993183	0.035417724	0.08607018	0.72692573	-0.10008381	9.549578e-10	-0.00025945206	6.556511e-10	-0.0005394134	0.51150113	-0.19678262	0.017616436	-0.0034398139	37.593784	0.71772766	6.0	0.2705561	0.018538328	240000	23085.344041585922
48	-2.8242188	1.4715397	-1.0	-10.0	0.015625	0.12401959	1.0	0.0	38.984375	304.0	0.0012408163265306123	-1.2863946	2.1518507	1.470022	-11.610694	0.024898203	0.079805166	0.6104029	-0.17612734	-3.499996e-10	-0.00037020486	-3.5166742e-10	-0.00040118632	0.87054455	-0.28692257	0.010907137	-0.0017627254	38.311512	0.39924622	13.0	0.27255172	0.016712788	245000	23576.339860916138
49	-2.7206106	1.0718263	-0.9	-10.0	0.0	0.0	0.0	0.0	38.12214	304.0	0.001216	-1.1735034	1.6611524	1.5384766	-10.805791	0.017367255	0.051441178	0.23597287	-0.121528976	-9.1948574e-11	-0.00018049363	2.8014183e-10	-0.00014490084	0.4154709	-0.27687305	0.0023197772	-0.001855573	38.71076	-0.29146576	79.0	0.2738667	0.0036055045	250000	24069.829363822937
50	-2.9088001	1.6057905	-0.9	-10.0	0.008	0.089084245	1.0	0.0	39.736	305.0	0.001196078431372549	-1.2837014	1.9163033	1.484987	-10.685801	0.014543625	0.053108945	0.39509338	-0.080427416	1.8913468e-10	-0.00019646836	3.8146972e-10	-0.00022372551	0.9583717	-0.50505716	0.0065988465	-0.0010565692	38.419292	-0.16843414	9.0	0.2760591	0.016313782	255000	24556.1773853302
51	-2.786923	1.4929262	-0.8	-10.0	0.046153847	0.20981817	1.0	0.0	38.361538	311.0	0.0011961538461538461	-1.5861818	2.4327056	1.2131099	-11.9155	0.012113851	0.040832404	0.28058192	-0.13161147	-1.4195203e-09	-0.0008530453	-2.2768973e-09	-0.0010997442	1.1864972	-0.8913276	0.03147869	-0.010406258	38.25086	1.2733154	16.0	0.24552314	0.0169165	260000	25047.164035320282
52	-2.8398438	1.3121036	-0.9	-10.0	0.0390625	0.1937437	1.0	0.0	38.882812	316.0	0.0011924528301886792	-1.0739242	1.5265229	1.5681627	-11.528132	0.052565593	0.10362999	0.9022349	-0.5877002	-5.6388477e-10	-0.0005907261	-6.7949296e-10	-0.0011460359	0.23294947	-0.086938575	0.018809779	-0.003758694	39.524174	1.4169693	4.0	0.26186606	0.03206595	265000	25513.753417491913
53	-2.9128	1.2069118	-1.0	-10.0	0.008	0.08908424	1.0	0.0	39.952	317.0	0.0011740740740740741	-1.0155599	1.2385838	1.047764	-8.550021	0.041761614	0.10821827	0.8760149	-0.1407414	1.9207252e-10	-0.00035277044	4.7683715e-11	-0.0005875569	0.4091457	-0.13847202	0.01239194	-0.0068016686	40.941143	0.23083115	9.0	0.32176587	0.029709144	270000	25955.78169465065
54	-2.8992126	1.6815579	-1.0	-10.0	0.031496063	0.17465413	1.0	0.0	39.299213	321.0	0.0011672727272727273	-1.1599602	1.2867447	1.0443548	-6.164757	0.020324713	0.07473481	0.4404937	-0.2081382	-1.0803989e-09	-0.00031334543	-1.0788441e-09	-0.0008196646	0.6206786	-0.31866065	0.01604331	-0.0037055006	41.171974	0.79159164	9.0	0.32611805	0.019300051	275000	26400.052170276642
55	-2.9620965	1.7620367	-1.1	-10.0	0.0	0.0	0.0	0.0	40.177418	321.0	0.0011464285714285715	-1.2676647	1.5758978	1.1087704	-7.39515	0.037206233	0.089302994	0.6165352	-0.11857816	-6.648671e-10	-0.00043836838	-1.2397766e-09	-0.0007626131	0.7219968	-0.38594916	0.0045669144	-0.0036245694	41.963566	-0.1516037	14.0	0.30569544	0.016286114	280000	26840.014070034027
56	-2.7244275	1.2680509	-1.1	-10.0	0.0	0.0	0.0	0.0	38.076336	321.0	0.0011263157894736843	-1.2092217	1.7928443	1.3682019	-10.830102	0.009229683	0.03551159	0.23644519	-0.098262824	1.256993e-10	-0.00017286833	-1.2218952e-10	-0.00012527395	0.36109334	-0.19371429	0.0007745187	-0.00044333914	41.811962	-0.49615097	79.0	0.37861565	0.0058572637	285000	27282.603635549545
57	-2.7838461	1.4369736	-1.1	-10.0	0.023076924	0.15014786	1.0	0.0	38.415386	324.0	0.0011172413793103448	-1.3183681	2.2036126	1.1723427	-14.940805	0.006668525	0.03753281	0.42658013	-0.06360058	3.725662e-10	-0.00074131537	5.662441e-10	-0.00082062895	0.47462115	-0.1907562	0.015611925	-0.009394996	41.31581	0.4139824	72.0	0.34689325	0.012681784	290000	27727.360686063766
58	-2.8832004	1.6010865	-1.0	-10.0	0.016	0.1254751	1.0	0.0	39.392	326.0	0.0011050847457627119	-1.669693	2.5826166	1.3459387	-11.62479	0.028844837	0.06753525	0.74461913	-0.09009684	-4.524051e-11	-0.00026307485	9.536743e-11	-0.0003900431	0.6977993	-0.29170847	0.010706545	-0.002285638	41.729794	0.3915329	6.0	0.41299278	0.021586202	295000	28171.683657169342
59	-2.7320611	1.4389493	-0.9	-10.0	0.015267176	0.12261359	1.0	0.0	38.068703	328.0	0.0010933333333333333	-1.0477701	1.3995618	2.2420769	-10.702645	0.034801528	0.118156336	0.7065661	-0.08904525	4.5495482e-10	-0.00059474795	1.66893e-10	-0.0006810828	0.52420634	-0.20778358	0.0121736545	-0.0037163915	42.121326	0.29263687	26.0	0.3826119	0.012609126	300000	28614.733354091644
60	-2.7692308	1.3307514	-0.9	-10.0	0.0076923077	0.08736782	1.0	0.0	38.43846	329.0	0.001078688524590164	-1.032361	1.2488472	1.3457147	-6.242767	0.03202807	0.094760984	0.59274477	-0.1290741	-1.1869847e-10	-8.337325e-05	-2.384186e-10	-0.00035238033	0.61371887	-0.26515773	0.005967526	-0.002409831	42.413963	-0.034179688	5.0	0.38938832	0.01756299	305000	29056.860724925995
61	-2.8453126	1.8085673	-1.2	-10.0	0.0078125	0.0880424	1.0	0.0	38.851562	330.0	0.0010645161290322581	-1.6079867	2.6449764	1.4310329	-10.897368	0.011849528	0.04432427	0.37935758	-0.2899446	-5.524743e-10	-0.00031586882	-4.529953e-10	-0.0003860187	0.9324812	-0.6023631	0.008463236	-0.0032724761	42.379784	-0.121608734	6.0	0.41960785	0.021850524	310000	29497.08177304268
62	-2.9235775	1.3044066	-0.8	-10.0	0.008130081	0.08979969	1.0	0.0	39.96748	331.0	0.0010507936507936507	-1.3029221	1.7037235	1.547842	-8.769703	0.014008728	0.052268606	0.38620937	-0.32253212	3.928267e-11	-0.0003490416	-1.1324883e-10	-0.00044030978	0.6983112	-0.42219523	0.006198198	-0.0012495136	42.258175	-0.11036301	13.0	0.3773255	0.016619755	315000	29940.04340481758
63	-3.1250002	1.6961845	-1.1	-10.0	0.033333335	0.17950547	1.0	0.0	41.608334	335.0	0.001046875	-1.3706964	1.7636304	1.3745304	-8.154426	0.025553858	0.06336067	0.39462635	-0.27840993	-1.985099e-09	-0.0004360178	-1.5377999e-09	-0.0007250726	0.8994635	-0.35467774	0.022238577	-0.009509687	42.14781	1.0296402	5.0	0.41274005	0.01948266	320000	30382.242576360703
64	-2.5544116	0.9088509	-1.0	-4.9	0.0	0.0	0.0	0.0	36.544117	335.0	0.0010307692307692307	-0.9482785	1.2730505	1.3820913	-7.563661	0.013375909	0.06214047	0.73417825	-0.100380465	1.9088077e-10	-0.00029716012	3.2782554e-10	-0.00034390957	0.26491666	-0.19881976	0.004034721	-0.0038046339	43.177452	-0.16041183	20.0	0.49979374	0.013012066	325000	30824.216942310333
65	-3.1083333	1.9546773	-0.8	-10.0	0.008333334	0.090905935	1.0	0.0	41.441666	336.0	0.0010181818181818183	-1.3885155	1.6355414	1.6095241	-7.462447	-0.002607688	0.034971636	0.27049115	-0.22420561	-3.08617e-10	-8.997664e-05	-2.9802324e-11	-0.0002481425	1.4469465	-0.8082439	0.0069344155	-0.0009208787	43.01704	-0.20391464	6.0	0.5093385	0.01494372	330000	31264.630167007446
66	-2.8700788	1.4840527	-0.8	-10.0	0.023622047	0.1518685	1.0	0.0	39.354332	339.0	0.0010119402985074627	-1.4617399	2.0174408	1.7906125	-9.278826	0.004867562	0.028788723	0.30665374	-0.19279726	6.959885e-10	-0.00055479095	7.0333483e-10	-0.00077854196	0.9332664	-0.35408854	0.019116422	-0.00560339	42.813126	0.6275635	14.0	0.51304114	0.014557724	335000	31704.769186735153
67	-2.830469	1.6094233	-1.0	-10.0	0.0078125	0.0880424	1.0	0.0	38.875	340.0	0.001	-1.292713	1.8494642	4.204626	-9.08485	0.017058937	0.062333386	0.7479633	-0.1742866	7.478538e-11	-0.00020666762	-5.960465e-11	-0.00041509297	0.891266	-0.35146648	0.007622909	-0.0024162852	43.44069	0.07835388	4.0	0.54662466	0.023752062	340000	32149.176182985306
68	-2.9261909	1.8959515	-0.8	-10.0	0.015873017	0.12498428	1.0	0.0	39.650795	342.0	0.0009913043478260869	-1.8149049	2.4603703	1.2253642	-10.423099	0.010290256	0.034179278	0.3067576	-0.115720324	5.4664568e-11	-0.000275938	1.6987324e-10	-0.0005399657	0.9328716	-0.34374297	0.0064567756	-0.001125305	43.519043	0.26530457	7.0	0.60055554	0.019999119	345000	32592.6200799942
69	-2.5423357	0.95326734	-0.9	-5.2	0.02189781	0.1463499	1.0	0.0	36.42336	345.0	0.0009857142857142857	-0.8758514	1.2134	1.5138869	-7.174793	0.004594966	0.019667672	0.21444285	-0.06335383	-8.5395906e-11	-0.0004809928	-6.556511e-11	-0.00089823623	0.21977939	-0.15180045	0.015491878	-0.003610514	43.784348	0.68662643	3.0	0.5472983	0.027969053	350000	33037.543533325195
70	-3.0325205	1.9900361	-1.0	-10.0	0.016260162	0.1264744	1.0	0.0	40.609756	347.0	0.0009774647887323944	-1.2676735	1.7736845	3.6140623	-10.16497	0.038116507	0.07332272	0.5695692	-0.21287024	3.4115794e-10	-6.219033e-05	3.874302e-10	-0.00051191763	1.5091641	-1.1176422	0.009973624	-0.002553984	44.470974	0.49695206	3.0	0.5613575	0.032756526	355000	33479.24774861336
71	-2.9183998	1.4510345	-1.1	-10.0	0.0	0.0	0.0	0.0	39.92	347.0	0.0009638888888888889	-1.3713177	2.117088	1.529223	-10.55806	0.013981573	0.049521223	0.3284472	-0.21642882	-3.8070763e-10	-3.5649344e-05	-1.7285347e-10	-0.00013087154	0.40984386	-0.17223167	0.001336735	-0.001039078	44.967926	-0.43169022	11.0	0.52922535	0.01547179	360000	33920.76025247574
72	-2.8968253	1.606037	-1.1	-10.0	0.007936508	0.08873286	1.0	0.0	39.531746	348.0	0.0009534246575342466	-1.3330824	1.9701319	1.1561255	-10.649987	0.0065523605	0.026970077	0.21300796	-0.11737361	1.7482163e-10	-0.0002482688	-2.682209e-11	-0.00032502916	0.7059764	-0.27153596	0.003007291	-0.0005424463	44.536236	-0.25798798	24.0	0.5272096	0.012382898	365000	34361.087269067764
73	-3.1779664	1.8163166	-1.2	-10.0	0.008474576	0.09166656	1.0	0.0	42.127117	349.0	0.0009432432432432432	-1.7678092	2.436372	0.85902274	-11.055167	0.0069339913	0.025078893	0.2357582	-0.08692137	8.015892e-10	-0.0010714731	6.2584876e-10	-0.0011976734	0.8481412	-0.3441468	0.0061662705	-0.0016887002	44.278248	-0.1117897	78.0	0.5183879	0.012223967	370000	34802.6440205574
74	-3.076033	1.9237114	-1.0	-10.0	0.0	0.0	0.0	0.0	41.123966	349.0	0.0009306666666666667	-1.6244401	2.4424925	1.7577125	-11.303699	0.017061794	0.053505164	0.5899806	-0.08658101	5.3638055e-10	-0.0001639735	1.08033416e-10	-0.00011002697	0.817885	-0.5409945	0.0011000325	-0.00081029895	44.16646	-0.58872986	79.0	0.4938646	0.00773323	375000	35247.317621707916
75	-2.9104004	1.5810792	-1.1	-10.0	0.008	0.08908423	1.0	0.0	39.664	350.0	0.0009210526315789473	-1.4628204	2.1723435	0.92010564	-10.859003	0.0071466737	0.028872568	0.30771565	-0.042358875	-5.8357885e-10	-0.0004997835	-5.00679e-10	-0.00059644843	0.4530288	-0.17813465	0.005851458	-0.0012570173	43.57773	-0.2705536	60.0	0.5093498	0.012334986	380000	35692.69644188881
76	-3.1025426	1.73486	-1.0	-10.0	0.0	0.0	0.0	0.0	41.559322	350.0	0.0009090909090909091	-1.7246972	2.4575303	0.9559305	-10.172462	0.012291964	0.033089105	0.31038165	-0.059513506	-1.9297174e-10	-0.00016777604	-4.7683715e-11	-0.00019380401	0.8310258	-0.37634945	0.00078753463	-0.0006502402	43.307175	-0.61410904	79.0	0.4994662	0.0072239456	385000	36135.90063166618
77	-2.7906976	1.3246876	-1.1	-10.0	0.007751938	0.08770316	1.0	0.0	38.65116	351.0	0.0009	-1.3202428	2.0276194	0.99366015	-10.70721	0.00224843	0.014508457	0.20659278	-0.10232032	9.215826e-10	-0.00062266836	8.225441e-10	-0.0007679201	0.6190052	-0.33570197	0.005574935	-0.0014975984	42.693066	-0.29885483	20.0	0.48306045	0.0133212665	390000	36579.20390844345
78	-3.2034187	1.8132905	-1.1	-10.0	0.0	0.0	0.0	0.0	42.564102	351.0	0.0008886075949367089	-1.4070576	1.9574366	1.03615	-10.899782	0.016821204	0.055195358	0.5699931	-0.047156446	7.124803e-10	-0.000106509186	5.155802e-10	-0.0001816012	0.84609514	-0.47078225	0.0024326656	-0.0021609906	42.39421	-0.64588165	4.0	0.48428476	0.016775671	395000	37021.66715455055
79	-2.8738093	1.3895973	-1.1	-10.0	0.0	0.0	0.0	0.0	39.47619	351.0	0.0008775	-1.2046599	1.5879445	0.92116344	-8.582445	0.0035324711	0.020533687	0.18160178	-0.03435843	2.5891799e-11	-9.0090434e-05	-2.8312207e-11	-3.2352753e-05	0.6571657	-0.33872038	0.00014753567	-4.7779227e-05	41.74833	-0.79333496	79.0	0.46472824	0.0044543506	400000	37466.234827280045
80	-3.2767239	1.9842204	-1.2	-10.0	0.0	0.0	0.0	0.0	43.00862	351.0	0.0008666666666666666	-1.916652	2.6699395	0.88366234	-10.88398	0.0043791174	0.01705345	0.13284302	-0.06481637	-1.3946802e-10	-0.00012549829	-7.301569e-11	-3.269046e-05	0.79066736	-0.32115662	0.00011837098	-3.404465e-05	40.954994	-0.8147812	79.0	0.45216024	0.0046996893	405000	37911.45232319832
81	-3.1225002	2.0744662	-1.1	-10.0	0.0	0.0	0.0	0.0	41.491665	351.0	0.0008560975609756097	-2.1731427	3.0412908	0.8681357	-11.423485	0.0045475652	0.016535934	0.14397083	-0.0417889	1.5616203e-10	-0.00011206601	3.6507845e-11	-2.1569193e-05	0.7885906	-0.25040174	0.00010971288	-4.1908264e-05	40.140213	-0.83004	79.0	0.41912124	0.0037712401	410000	38352.155322790146
82	-3.1291666	1.9791158	-1.2	-10.0	0.0	0.0	0.0	0.0	41.65	351.0	0.0008457831325301205	-1.9044467	2.6538143	0.862981	-11.018348	0.0017260459	0.012376314	0.112428084	-0.05687211	-4.5383333e-10	-0.00014116587	-2.3841857e-11	-1.4515965e-05	1.0283033	-0.34540474	6.603929e-05	-1.5800026e-05	39.310173	-0.8497429	79.0	0.44473246	0.003977784	415000	38795.12230062485
83	-3.1383333	2.1788828	-1.1	-10.0	0.0	0.0	0.0	0.0	41.558334	351.0	0.0008357142857142857	-2.2139165	3.0142167	1.1655855	-11.609137	0.0053840135	0.02110762	0.15406075	-0.06248132	-3.2210307e-10	-0.00013530375	-1.2218952e-10	-3.9199615e-05	1.3627629	-0.4637698	0.000104311504	-3.214286e-05	38.46043	-0.8616829	79.0	0.4221869	0.0041884016	420000	39235.63787031174
84	-3.2016954	2.3425677	-1.2	-10.0	0.0	0.0	0.0	0.0	41.991524	351.0	0.0008258823529411765	-2.311591	3.0592973	1.4072511	-10.767408	0.0042959983	0.014438407	0.105068624	-0.028361524	-1.8573772e-10	-7.7528784e-05	-2.9802322e-12	-9.013848e-06	1.6085726	-0.5440638	6.077221e-05	-1.0876844e-05	37.598747	-0.8711319	79.0	0.42166874	0.0029785922	425000	39677.04158997536
85	-2.985484	1.8406562	-1.1	-10.0	0.0	0.0	0.0	0.0	40.322582	351.0	0.0008162790697674419	-1.902934	2.7503812	1.0334125	-11.472575	0.002510874	0.0077517955	0.09160793	-0.032513097	1.5027707e-10	-0.00014148156	-7.4133276e-11	-8.6787e-06	1.2381924	-0.77389723	4.3361662e-05	-1.8260445e-05	36.727615	-0.89533997	79.0	0.4258622	0.0062315115	430000	40120.57362675667
86	-2.7419848	1.4683404	-1.0	-10.0	0.007633588	0.0870363	1.0	0.0	38.08397	352.0	0.0008091954022988506	-1.4669746	2.3160932	0.9092442	-10.742094	-8.1934944e-05	0.0056410637	0.07522573	-0.036226235	-1.205623e-10	-0.00018321439	3.576279e-11	-0.00010495733	0.963058	-0.5393094	0.0023353242	-8.587609e-05	35.832275	-0.37678528	79.0	0.43468472	0.007518933	435000	40564.52665472031
87	-2.9325397	1.9716172	-0.9	-10.0	0.007936508	0.08873285	1.0	0.0	39.626984	353.0	0.0008022727272727273	-1.6933441	2.4992085	2.7418532	-11.197258	0.0023195343	0.010979059	0.08512664	-0.038704425	1.4934146e-11	-0.00023869019	-1.4603138e-10	-0.0002864418	1.0435313	-0.39247805	0.006571117	-0.0023476551	35.45549	-0.19738007	5.0	0.46440732	0.0130038755	440000	41005.56370186806
88	-2.793023	1.5846739	-0.9	-10.0	0.0	0.0	0.0	0.0	38.589146	353.0	0.0007932584269662921	-1.4619989	2.2032816	0.86707205	-10.785001	0.0025602658	0.021018574	0.35217932	-0.078393996	-2.6507919e-11	-0.00026058705	-4.61936e-11	-0.00017791874	0.6014187	-0.27372688	0.00039712954	-0.0003432608	35.25811	-0.77633667	79.0	0.45903584	0.0042848387	445000	41451.40585780144
89	-2.9620965	1.8501784	-1.0	-10.0	0.0	0.0	0.0	0.0	40.08871	353.0	0.0007844444444444445	-1.5149008	2.2050898	1.0010699	-11.588936	0.0011948331	0.0323414	0.42676574	-0.07593274	3.0432315e-10	-0.00020672422	-2.9802324e-11	-0.00018923353	1.0777453	-0.5678394	0.0009163624	-0.00087533076	34.481773	-0.94815826	79.0	0.44755533	0.008374969	450000	41894.367376327515
90	-3.1041322	2.1765618	-1.0	-10.0	0.0	0.0	0.0	0.0	41.22314	353.0	0.0007758241758241758	-1.859843	2.491074	0.95932895	-10.948287	-0.0014011242	0.01099863	0.050068624	-0.07070383	2.816903e-10	-0.00010712309	3.1292437e-11	-1.5442744e-06	1.3624123	-0.5854682	4.6935667e-05	-1.34527945e-05	33.533615	-0.9759178	79.0	0.4536509	0.0029903245	455000	42338.37245488167
91	-2.905512	2.031574	-0.9	-10.0	0.0	0.0	0.0	0.0	39.362206	353.0	0.0007673913043478261	-1.7981434	2.5317523	1.0560652	-10.396824	-0.00038133687	0.018334597	0.39641902	-0.050168447	-1.9147649e-10	-0.00029059305	-2.1606683e-11	-0.00010293726	0.9338668	-0.4655634	0.00016780688	-0.00012947308	32.557697	-1.0088272	79.0	0.45078263	0.010332332	460000	42780.998782873154
92	-3.0917356	2.246672	-0.9	-10.0	0.0	0.0	0.0	0.0	41.008263	353.0	0.0007591397849462365	-2.331808	3.1762993	1.0288355	-11.369059	-0.0030437212	0.007892727	0.020565657	-0.04470561	1.2850593e-10	-0.000174141	2.9802324e-11	-1.1093083e-05	1.0495654	-0.2780624	2.5009513e-05	2.2759432e-06	31.54887	-1.0201569	79.0	0.4662864	0.0077847955	465000	43224.561722278595
93	-2.9504	2.1068506	-1.0	-10.0	0.0	0.0	0.0	0.0	39.8	353.0	0.000751063829787234	-1.8678774	2.631895	1.0820059	-11.127242	0.002886145	0.0072013806	0.116714895	-0.02870791	-1.2947446e-10	-0.00020185295	-7.748604e-11	-6.346488e-06	1.1037921	-0.40220034	3.5057878e-05	1.8367864e-05	30.528713	-1.0393467	79.0	0.45439658	0.0069147004	470000	43667.15902900696
94	-2.6455224	1.4547204	-0.9	-10.0	0.0	0.0	0.0	0.0	37.208954	353.0	0.0007431578947368421	-1.4151409	2.4235487	1.0154014	-12.552866	0.00600867	0.0041467394	0.04543671	-0.009270825	7.8909695e-10	-0.00013046083	2.0787119e-10	-1.8441311e-06	0.5291948	-0.25933874	4.8441772e-05	-3.6926933e-05	29.489367	-1.0463047	79.0	0.432385	0.004791114	475000	44110.8242585659
95	-3.001626	1.952567	-0.8	-10.0	0.008130081	0.08979969	1.0	0.0	40.30081	354.0	0.0007375	-1.8583623	2.613677	1.0408742	-11.502328	-0.00032788783	0.008547767	0.06245708	-0.07017371	2.0296595e-10	-0.00039214615	3.039837e-10	-0.00039379118	1.7501812	-0.68938124	0.0055128546	-0.00036953064	28.443062	-0.38314247	23.0	0.4348536	0.012462355	480000	44556.161338329315
96	-2.6902254	1.8465112	-0.8	-10.0	0.0	0.0	0.0	0.0	37.406013	354.0	0.0007298969072164948	-1.5120361	2.4185991	2.150913	-11.424199	0.0058716508	0.014004069	0.09884382	-0.04250591	-5.7636523e-10	-0.00017274763	-2.026558e-10	-3.8101603e-05	0.9295127	-0.30595374	0.00020679536	-0.00017513239	28.05992	-0.8939457	79.0	0.43769872	0.0054687513	485000	44997.76328420639
97	-2.8921258	1.9177417	-0.9	-10.0	0.015748031	0.12449912	1.0	0.0	39.228348	356.0	0.000726530612244898	-2.1194801	3.0083027	1.0671183	-11.553484	-0.00015355261	0.008960547	0.045523103	-0.067281455	1.1299217e-09	-0.0005322492	8.046627e-10	-0.00072687946	2.3876684	-1.8444309	0.0103981495	-0.0013314122	27.165974	0.24552917	5.0	0.43423116	0.022506192	490000	45438.850996255875
98	-2.527338	1.6890594	-0.8	-10.0	0.007194245	0.08451324	1.0	0.0	35.79856	357.0	0.0007212121212121212	-1.4025013	2.364257	1.232903	-11.386842	0.0059850235	0.021036938	0.15123077	-0.08549045	2.2341394e-10	-0.00016181578	7.152558e-11	-0.000403373	0.76126045	-0.33961308	0.0040703826	-0.0005417948	27.411503	-0.10673332	3.0	0.4466334	0.018775666	495000	45879.81614303589
99	-2.575	1.4435836	-0.9	-10.0	0.0	0.0	0.0	0.0	36.507355	357.0	0.000714	-1.1743107	1.8014367	1.122354	-9.683163	0.0051395693	0.0152731305	0.13039461	-0.05062211	5.474135e-10	-0.00028662596	1.3262033e-10	-5.8325626e-05	0.79355574	-0.405234	0.00016778614	-0.00012641815	27.30477	-0.9650898	79.0	0.45389733	0.010563625	500000	46324.01818037033
100	-2.6186564	1.1245675	-0.9	-9.5	0.014925373	0.121254295	1.0	0.0	37.02239	359.0	0.0007108910891089109	-1.1134789	1.5882381	1.1242104	-9.837806	0.0010805638	0.008279944	0.082098715	-0.033560872	-8.21052e-12	-0.000669856	5.9604643e-12	-0.0008054927	0.5567864	-0.38092276	0.013437028	-0.00539801	26.33968	0.1924305	48.0	0.45035607	0.012080594	505000	46769.67002558708
101	-2.8726563	1.9810711	-0.7	-10.0	0.0234375	0.1512884	1.0	0.0	39.039062	362.0	0.0007098039215686275	-1.1882511	1.5725381	1.5831766	-8.320816	0.045902822	0.11549437	1.1820471	-0.05520131	-5.7546584e-10	-0.0006586005	-2.592802e-10	-0.000872169	1.0228902	-0.6590732	0.0140734175	-0.0029728785	26.53211	1.323492	8.0	0.45700282	0.0155338105	510000	47210.9005446434
102	-2.527338	1.281681	-0.9	-10.0	0.01438849	0.11908593	1.0	0.0	35.956833	364.0	0.0007067961165048544	-0.97636455	1.370889	1.0523102	-7.1927323	0.022702882	0.06330254	0.53194577	-0.045597967	-1.1461213e-09	-9.42495e-05	-1.1324882e-09	-0.00040169625	0.50827986	-0.25285673	0.008774258	-0.0023740246	27.855602	0.7411213	4.0	0.4942332	0.017085686	515000	47653.82985019684
103	-2.8726563	1.7534214	-1.0	-10.0	0.0234375	0.1512884	1.0	0.0	39.039062	367.0	0.0007057692307692307	-1.2019302	1.5328172	1.0814968	-8.937987	0.05016947	0.118731484	0.86800164	-0.18533385	1.4505307e-10	-0.0001775314	-4.768372e-10	-0.00030342283	0.6793534	-0.29406336	0.01263938	-0.0029351423	28.596724	1.35289	3.0	0.46911767	0.018167038	520000	48096.33298659325
104	-2.6626866	1.722835	-0.9	-10.0	0.014925373	0.1212543	1.0	0.0	37.05224	369.0	0.0007028571428571429	-1.0517758	1.4956726	1.85866	-7.9602494	0.0927385	0.17783242	1.1092442	-0.05369356	-1.3121502e-09	-0.00031523663	-1.2636184e-09	-0.0006160329	0.6404212	-0.4123029	0.0159615	-0.006233114	29.949614	0.810442	5.0	0.4793337	0.020534065	525000	48539.70858716965
105	-2.7037594	1.5937097	-1.0	-10.0	0.030075189	0.17079423	1.0	0.0	37.37594	373.0	0.0007037735849056603	-1.2992173	1.7978432	0.9359368	-7.4159417	0.038430158	0.1129447	0.82541084	-0.11899077	1.5226882e-09	-0.00011072942	1.3768673e-09	-0.00025714812	0.65530664	-0.29674554	0.012271472	-0.0034937682	30.760056	2.0086517	3.0	0.5347813	0.026680112	530000	48982.3668782711
106	-2.7007575	1.6405605	-0.9	-10.0	0.022727273	0.1490327	1.0	0.0	37.424244	376.0	0.000702803738317757	-1.2625885	1.8084834	1.4932706	-11.244149	0.09221244	0.17546727	1.0777427	-0.18524756	-1.0099361e-09	-0.00047940036	-1.1920929e-09	-0.00092458684	0.7889652	-0.41582853	0.01930668	-0.0069173304	32.768707	1.7164345	2.0	0.586715	0.034754694	535000	49424.136848926544
107	-2.7181816	1.5822318	-1.0	-10.0	0.022727273	0.1490327	1.0	0.0	37.68182	379.0	0.0007018518518518518	-1.1341947	1.5434643	1.2285471	-8.861288	0.02659658	0.09088044	0.54391605	-0.27494925	2.1294095e-11	2.744248e-05	-3.0994415e-10	-0.00036494338	0.49177632	-0.25120527	0.015525087	-0.0049317395	34.48514	1.5430946	2.0	0.6037335	0.029464124	540000	49867.18590474129
108	-3.094215	1.9109644	-1.1	-10.0	0.008264462	0.09053266	1.0	0.0	41.305786	380.0	0.0006972477064220183	-1.3686994	1.7100134	1.0218025	-8.973675	0.06326929	0.15233424	1.2172954	-0.17745286	1.7675122e-10	-0.0002225406	4.2915344e-10	-0.00033034736	0.89815545	-0.32820284	0.01036752	-0.005405407	36.028236	0.17913818	5.0	0.60734826	0.020685151	545000	50307.9274520874
109	-3.2706892	2.0570326	-1.1	-10.0	0.01724138	0.13016956	1.0	0.0	42.948277	382.0	0.0006945454545454545	-1.7019441	1.9594624	1.0150181	-8.518705	0.057127587	0.13709857	1.0352939	-0.14280851	-4.470098e-10	-0.001247929	-6.437302e-10	-0.0013901545	0.9634328	-0.3455943	0.0136006465	-0.007333769	36.207375	0.66397476	9.0	0.62506604	0.017438916	550000	50749.46358084679
110	-2.8866143	1.6604886	-0.9	-10.0	0.023622047	0.1518685	1.0	0.0	39.34646	385.0	0.0006936936936936937	-1.4225082	1.8966562	1.0383513	-9.327376	0.025954071	0.06982414	0.45936978	-0.12408769	-7.88346e-10	-0.00016739772	-8.8214874e-10	-0.00044368033	0.539992	-0.31215385	0.014102676	-0.0056659207	36.87135	1.5386772	3.0	0.62918913	0.020774415	555000	51191.35368204117
111	-2.870866	1.7333738	-1.1	-10.0	0.0	0.0	0.0	0.0	39.27559	385.0	0.0006875	-1.2654369	1.7471639	1.2857643	-8.383501	0.051526062	0.14682212	0.9251133	-0.17699361	8.7130747e-10	-0.00010453531	5.9604643e-10	-0.00029065437	0.5624013	-0.236171	0.005464786	-0.0038173383	38.410027	-0.61135864	4.0	0.6211583	0.022432046	560000	51631.72161483765
112	-2.723664	1.3621845	-1.1	-10.0	0.007633588	0.0870363	1.0	0.0	37.984734	386.0	0.0006831858407079646	-1.1699975	1.5028734	1.4832629	-9.007849	0.024730483	0.103441894	0.84584594	-0.19921887	-7.456838e-10	-0.00054061133	-4.1723253e-10	-0.0005727499	0.44340742	-0.32778668	0.0072594117	-0.0032914365	37.798668	-0.51452255	19.0	0.6325861	0.01361067	565000	52075.00475168228
113	-2.7129772	1.2868327	-1.1	-10.0	0.007633588	0.0870363	1.0	0.0	37.87786	387.0	0.0006789473684210526	-0.9962412	1.3279004	1.4377732	-6.406966	0.021504773	0.07295778	0.7428573	-0.12828095	-6.712029e-10	-0.00021910913	-1.0728836e-09	-0.000197416	0.1988384	-0.06700492	0.00593241	-0.0013097445	37.284145	-0.31575775	4.0	0.6289027	0.014438539	570000	52521.62341570854
114	-2.8625002	1.6507101	-1.0	-10.0	0.03125	0.17399263	1.0	0.0	38.9375	391.0	0.00068	-1.19881	1.475305	1.1721832	-8.611606	0.034411807	0.09937166	0.6896829	-0.12902038	-7.878721e-10	-0.00055859744	-6.079674e-10	-0.0005219876	0.43687892	-0.1384989	0.016626589	-0.004608196	36.968388	2.109211	4.0	0.61787385	0.017960925	575000	52962.91810321808
115	-2.6096299	0.99746895	-0.9	-6.2	0.0074074073	0.085746944	1.0	0.0	37.014816	392.0	0.0006758620689655173	-1.0050159	1.3359865	1.1459692	-7.4626713	0.02806991	0.06500996	0.85332656	-0.11960658	-1.7400401e-09	-5.7928697e-05	-1.5258789e-09	-0.00013079922	0.28525782	-0.21680927	0.0053924248	-0.0020811248	39.0776	0.34126663	5.0	0.63402224	0.015779074	580000	53407.46489739418
116	-2.5698528	1.3842773	-0.8	-10.0	0.014705882	0.120372824	1.0	0.0	36.536766	394.0	0.0006735042735042735	-0.9903015	1.2850935	1.3881696	-8.082756	0.013559882	0.06213211	0.7272358	-0.20951384	-3.9484976e-10	-0.0011054507	-1.0728836e-10	-0.0013494821	0.35251865	-0.18453877	0.0111346785	-0.005797369	39.418865	0.4268303	3.0	0.6166083	0.037630074	585000	53850.35153698921
117	-2.6095588	1.3496666	-0.8	-10.0	0.029411765	0.16895771	1.0	0.0	36.691177	398.0	0.0006745762711864407	-1.0429275	1.3906215	2.2686822	-6.497518	0.0082247425	0.04043807	0.37485194	-0.3419229	1.1298599e-09	-0.00029791216	1.2874604e-09	-0.0008206996	0.38212678	-0.1752441	0.018487625	-0.005840986	39.845695	2.1717033	4.0	0.61068225	0.025022928	590000	54294.48120594025
118	-2.6444445	1.4251013	-0.8	-10.0	0.02962963	0.1695633	1.0	0.0	36.955555	402.0	0.0006756302521008403	-1.0120589	1.3305745	1.0591599	-8.180033	0.03881283	0.13891079	1.5646273	-0.14521386	-6.182015e-10	-0.00014461591	-5.6028365e-10	-0.00052803213	0.2859512	-0.12227751	0.020932816	-0.009591624	42.0174	2.5950508	2.0	0.57237804	0.03031342	595000	54738.873532772064
119	-2.479286	1.2117577	-0.8	-10.0	0.014285714	0.11866605	1.0	0.0	35.557144	404.0	0.0006733333333333333	-0.86810607	1.2147067	1.0032773	-7.537834	0.026439916	0.08348056	0.83310735	-0.11366522	-7.682515e-10	-3.041327e-05	-6.9141387e-10	-0.00031077676	0.16718692	-0.05328854	0.010766484	-0.0044680936	44.61245	1.0216942	2.0	0.5760961	0.020535083	600000	55182.68304228783
120	-2.619259	1.391535	-0.9	-10.0	0.014814815	0.12081116	1.0	0.0	36.866665	406.0	0.0006710743801652892	-1.1292456	1.9484977	1.4020468	-11.227937	0.028681431	0.11954596	0.90274453	-0.48542982	-2.2999533e-10	-0.0004966672	-4.6491622e-10	-0.00054530386	0.45072988	-0.26447865	0.00889034	-0.0043337042	45.634144	0.6449089	10.0	0.5534545	0.015353272	605000	55625.741243600845
121	-2.7723076	1.2525675	-1.0	-10.0	0.03846154	0.19230768	1.0	0.0	38.3	411.0	0.0006737704918032787	-1.1079229	1.4565551	1.3830214	-8.00057	0.033353027	0.11275035	0.9333891	-0.25525224	4.2411064e-10	-0.0002881365	4.2915344e-10	-0.00039022265	0.3905446	-0.20772389	0.018712351	-0.0074438835	46.279053	3.082058	12.0	0.51400167	0.0138821835	610000	56070.29369521141
122	-2.5202897	1.183838	-0.9	-10.0	0.014492754	0.11951031	1.0	0.0	36.04348	413.0	0.0006715447154471545	-0.9875129	1.4465885	1.3432198	-8.64195	0.03335287	0.0955251	0.8960593	-0.16378811	-2.2659956e-09	-0.00042445504	-2.1100044e-09	-0.00041752835	0.508047	-0.17974284	0.01126993	-0.004824891	49.36111	1.2720947	11.0	0.50067043	0.015115946	615000	56514.94145798683
123	-2.6706767	1.4582812	-0.8	-10.0	0.02255639	0.14848435	1.0	0.0	37.37594	416.0	0.0006709677419354838	-1.0927129	1.4769236	1.7439303	-7.4663386	0.030156655	0.09309082	0.9485456	-0.12683539	1.610888e-09	-0.00045763195	1.4543533e-09	-0.0009356508	0.4913448	-0.30759484	0.014713605	-0.0038793534	50.633205	1.4397812	4.0	0.5066127	0.037628245	620000	56953.22608757019
124	-2.5759125	0.9816213	-0.9	-6.1	0.02919708	0.16835858	1.0	0.0	36.437958	420.0	0.000672	-0.90670174	1.1994339	2.4842434	-8.42332	0.017201174	0.06376631	0.8544102	-0.18813142	-1.7216125e-09	-0.00017277875	-1.758337e-09	-0.00022224465	0.15600143	-0.08882893	0.016046224	-0.0077605303	52.072987	2.3410988	10.0	0.53459406	0.01399137	625000	57373.757580280304
125	-2.686466	1.4182899	-0.8	-10.0	0.030075189	0.17079423	1.0	0.0	37.451126	424.0	0.000673015873015873	-1.0651661	1.4068462	1.537386	-7.9048867	0.06847644	0.16639945	1.2303265	-0.17606203	1.1179043e-09	-0.00032383212	1.1384487e-09	-0.0005135236	0.47166005	-0.3168929	0.015887741	-0.006478116	54.414085	2.5916595	4.0	0.5199272	0.02374357	630000	57794.7502925396
126	-2.4133804	1.0001569	-0.8	-6.2	0.02112676	0.14380687	1.0	0.0	34.978874	427.0	0.0006724409448818898	-0.8249449	1.2350308	2.0401518	-11.4180765	0.019617936	0.06911861	0.9587567	-0.25487214	-1.87241e-11	-0.0003574599	-2.2649765e-10	-0.00040007167	0.30228072	-0.07492481	0.014836606	-0.003908585	57.005745	1.7065544	7.0	0.46069208	0.014554437	635000	58216.03907585144
127	-2.4794323	0.9998239	-0.8	-5.5	0.056737587	0.2313405	1.0	0.0	35.404255	435.0	0.0006796875	-1.0126932	1.3783196	1.6389079	-10.806721	0.034988597	0.107468545	1.1739324	-0.2724573	-2.6631344e-10	-0.000817504	-1.66893e-10	-0.0011442059	0.49247226	-0.42192203	0.027612558	-0.0077118278	58.7123	4.6753654	3.0	0.44168642	0.05589104	640000	58637.32775759697
128	-2.5773723	1.3338925	-0.8	-10.0	0.02189781	0.1463499	1.0	0.0	36.452557	438.0	0.0006790697674418604	-0.8100414	1.0787517	1.036427	-3.7474253	0.053587157	0.13384016	1.1715071	-0.47604504	1.9766297e-09	-0.00045953636	2.0980835e-09	-0.0007528473	0.4079222	-0.29552734	0.017539661	-0.009368981	63.387665	2.2233047	6.0	0.45355025	0.03272949	645000	59057.19570350647
129	-2.5753624	1.2071533	-0.7	-10.0	0.050724637	0.21943486	1.0	0.0	36.115944	445.0	0.0006846153846153846	-0.9912918	1.2984334	1.3691967	-6.6501856	0.026709797	0.08859512	0.7931955	-0.29361767	-8.3081614e-10	-4.7445425e-05	-8.4638596e-10	-0.00016246806	0.33348036	-0.15112597	0.02431285	-0.016453188	65.61097	3.7711105	2.0	0.4587435	0.023483956	650000	59477.46212863922
130	-2.4457746	1.1158665	-0.9	-10.0	0.049295776	0.21648487	1.0	0.0	34.992958	452.0	0.0006900763358778626	-0.90015256	1.190378	1.0292263	-6.0074368	0.038860623	0.115495816	1.0500656	-0.26222554	-1.5962396e-09	-0.00058931275	-1.3828277e-09	-0.0009359397	0.18934284	-0.09026297	0.026423156	-0.0063033625	69.38208	4.048874	4.0	0.45631093	0.030166859	655000	59897.98933506012
131	-2.5289855	0.98526853	-0.8	-5.8	0.014492754	0.11951031	1.0	0.0	36.130436	454.0	0.0006878787878787879	-0.867502	1.159527	0.99808055	-5.40062	0.029222002	0.116646476	1.1928608	-0.4525167	-4.0023065e-10	-0.00032348617	-3.5762787e-10	-0.0004341699	0.12505133	-0.06217622	0.0069079893	-0.0046073226	73.430954	1.223053	10.0	0.4455659	0.024032	660000	60318.86395716667
132	-2.495	1.058525	-0.9	-5.9	0.057142857	0.23211539	1.0	0.0	35.557144	462.0	0.0006947368421052632	-0.8465744	1.0974779	2.0057454	-3.9233117	0.024467153	0.101257704	1.1185882	-0.26657125	3.480263e-09	-0.0010370543	3.5881995e-09	-0.0014296165	0.09971466	-0.017869934	0.023104541	-0.009006496	74.65401	3.6432953	4.0	0.44716826	0.043703143	665000	60738.72228574753
133	-2.3951387	0.93127227	-0.8	-5.7	0.041666668	0.1998263	1.0	0.0	34.645832	468.0	0.0006985074626865671	-0.80755013	1.0832424	1.0478926	-3.608545	0.03204718	0.11046297	1.0733447	-0.35528994	4.842319e-10	-0.0012856321	5.2452087e-10	-0.0015965422	0.0749542	-0.01321334	0.02153171	-0.005322315	78.2973	3.2195969	7.0	0.39219916	0.027844599	670000	61159.802361249924
134	-2.5405796	1.2246051	-0.8	-10.0	0.02173913	0.14583053	1.0	0.0	36.166668	471.0	0.0006977777777777777	-0.8259201	1.0934004	1.057128	-4.6433945	0.044003133	0.13520102	0.9841089	-0.16071323	2.2058038e-09	-0.0006889139	2.551079e-09	-0.0010543779	0.27448934	-0.15370785	0.014434059	-0.0063342955	81.5169	1.4847488	3.0	0.42019424	0.044145122	675000	61579.6595890522
135	-2.5833333	1.2487433	-0.8	-10.0	0.06521739	0.24690907	1.0	0.0	36.115944	480.0	0.0007058823529411765	-1.0607625	1.4080418	0.9419291	-7.23856	0.071547545	0.2007024	1.4734675	-0.20759678	-1.4333358e-10	-0.0007839938	-7.152558e-11	-0.0010392255	0.3383169	-0.1498921	0.026437512	-0.009851852	83.00165	3.979271	3.0	0.44865966	0.06386449	680000	62001.0940682888
136	-2.5656934	0.9837689	-1.1	-5.8	0.04379562	0.20464008	1.0	0.0	36.255474	486.0	0.0007094890510948905	-0.8624205	1.1431644	2.6271183	-5.6526904	0.04829854	0.13668978	1.0514133	-0.2838122	2.6929062e-10	4.945112e-05	3.33786e-10	-0.0002625434	0.12094277	-0.041748174	0.017301293	-0.005769929	86.98092	3.185112	2.0	0.45773056	0.032043383	685000	62420.98238873482
137	-2.5963235	1.3809315	-1.0	-10.0	0.014705882	0.12037283	1.0	0.0	36.72059	488.0	0.0007072463768115942	-0.8485914	1.1015942	1.0488307	-4.643674	0.03800525	0.12419654	1.1310245	-0.1362295	1.127581e-10	-0.0005603669	1.66893e-10	-0.00072452164	0.40960822	-0.2635348	0.014435003	-0.0076547107	90.16603	0.9281311	5.0	0.45296064	0.030469501	690000	62839.61432623863
138	-2.442553	0.8099763	-1.2	-5.1	0.0070921984	0.08391603	1.0	0.0	35.34752	489.0	0.0007035971223021582	-0.82851815	1.0998371	1.0654644	-4.9863997	0.009513412	0.031121768	0.5089643	-0.20633823	-2.0600449e-10	-0.00027887686	-5.960465e-11	-0.00050340773	0.06700788	-0.022517808	0.003467083	-0.000862811	91.09416	-0.095573425	8.0	0.44063208	0.030362843	695000	63254.351695775986
139	-2.9015749	1.6615136	-1.0	-10.0	0.03937008	0.19447388	1.0	0.0	39.322834	494.0	0.0007057142857142858	-1.0065857	1.4047258	1.0329663	-8.50449	-0.00086388644	0.05779283	0.7980306	-0.26079655	2.2569457e-09	-0.00042868563	2.0742417e-09	-0.0005203586	0.73711044	-0.39638278	0.025293617	-0.009781605	90.99859	1.8865662	5.0	0.45045176	0.014236188	700000	63659.40929079056
140	-2.9174607	1.5559449	-1.2	-10.0	0.03968254	0.19521226	1.0	0.0	39.38889	499.0	0.0007078014184397163	-1.2481834	1.463143	1.0816469	-8.008152	0.03184019	0.09775186	1.180774	-0.2444639	-1.168071e-10	-0.00047433624	-2.1457672e-10	-0.00055384735	0.6290116	-0.382348	0.015311401	-0.0062190574	92.885155	2.4776	5.0	0.40872255	0.02270111	705000	64063.92209458351
141	-2.6074073	0.8738701	-1.0	-5.9	0.0074074073	0.085746944	1.0	0.0	36.99259	500.0	0.0007042253521126761	-0.9211623	1.1848557	1.5779082	-6.1214323	0.013652753	0.067346774	1.0534583	-0.22456478	-1.3974497e-10	-0.00064656854	-1.192093e-10	-0.00089380593	0.18588814	-0.1214941	0.0057825153	-0.0039009405	95.362755	0.38150024	5.0	0.38349786	0.02173032	710000	64470.32526040077
142	-2.7580152	1.0695618	-1.1	-6.0	0.053435113	0.22489953	1.0	0.0	38.076336	507.0	0.0007090909090909091	-0.8934819	1.1276143	1.8952365	-4.6402683	0.011448817	0.05458884	0.6479158	-0.39466363	6.46729e-10	-0.0005733285	7.212162e-10	-0.0008741485	0.17938748	-0.070665814	0.033202168	-0.017095856	95.744255	2.7626114	3.0	0.366394	0.045220494	715000	64876.70299077034
143	-2.678788	1.473762	-1.1	-10.0	0.022727273	0.1490327	1.0	0.0	37.371212	510.0	0.0007083333333333334	-1.0105904	1.4420953	0.95647126	-7.8010907	0.037905373	0.11944556	0.9913958	-0.16415426	7.5651785e-10	-0.0006365782	5.841255e-10	-0.0008798887	0.5936388	-0.35274124	0.012677742	-0.004821688	98.50687	1.5875931	2.0	0.39329323	0.03918041	720000	65265.843022823334
144	-2.9693549	1.6263049	-1.0	-10.0	0.016129032	0.1259718	1.0	0.0	40.16129	512.0	0.0007062068965517242	-1.0646198	1.3148959	1.0177703	-7.204415	0.07302959	0.2176058	1.3498336	-0.15044527	1.1795395e-10	-6.084778e-05	1.6391277e-10	-0.00023331687	0.6350804	-0.29355094	0.012269689	-0.006298984	100.09446	0.6407623	3.0	0.3992541	0.023965204	725000	65646.40963172913
145	-3.0245903	1.3962075	-1.2	-10.0	0.016393442	0.12698306	1.0	0.0	40.885246	514.0	0.0007041095890410959	-1.1561809	1.3551178	1.1479936	-5.494285	0.04011045	0.1370185	1.0618174	-0.13556388	-7.3336287e-10	-0.0005849556	-6.9141387e-10	-0.0007466549	0.45918456	-0.24219647	0.011166949	-0.0059839874	100.73522	0.54035187	3.0	0.37661934	0.06339301	730000	66027.58850264549
146	-2.9192	1.5158732	-1.3	-10.0	0.016	0.1254751	1.0	0.0	39.752	516.0	0.0007020408163265306	-1.3305955	1.7095883	1.5971143	-8.674335	0.02327543	0.102764055	1.2338914	-0.17526917	-5.31484e-10	-0.00011502172	-5.7816507e-10	-0.00019509057	0.57046497	-0.2387031	0.007357982	-0.003980048	101.27557	0.5268936	2.0	0.32629678	0.043527875	735000	66410.18216943741
147	-2.884252	1.4549628	-1.1	-10.0	0.031496063	0.17465411	1.0	0.0	39.23622	520.0	0.0007027027027027027	-1.4416791	2.1807027	1.2557548	-12.241415	0.054704297	0.19821106	1.2781518	-0.26918635	5.9454036e-10	-0.00010192986	6.556511e-10	-0.00017418775	0.66124237	-0.48253497	0.015250589	-0.0076950085	101.80247	1.5799484	2.0	0.2952204	0.029071137	740000	66792.55488157272
148	-2.4792855	1.0633167	-1.0	-10.0	0.007142857	0.08421305	1.0	0.0	35.635715	521.0	0.0006993288590604027	-1.006295	1.612315	1.1618884	-10.028053	0.024840694	0.10626282	0.7463521	-0.15571754	9.277412e-12	-3.6672498e-06	-2.3841857e-11	-0.00011977329	0.15835916	-0.063002735	0.004613222	-0.0019897548	103.382416	0.21778107	11.0	0.2852914	0.015301183	745000	67173.83526921272
149	-2.7823076	1.286466	-1.1	-10.0	0.03076923	0.1726919	1.0	0.0	38.4	525.0	0.0007	-1.132393	1.6823039	3.6957173	-11.571599	0.040960584	0.15851158	1.3733671	-0.112910315	-1.0411207e-09	-0.00029732773	-9.149313e-10	-0.00033640943	0.44916034	-0.28143868	0.01292063	-0.0054091015	103.6002	1.3967361	20.0	0.2653797	0.013597635	750000	67555.62159180641
