Epoch	AverageEpRet	StdEpRet	MaxEpRet	MinEpRet	AverageEpCost	StdEpCost	MaxEpCost	MinEpCost	EpLen	CumulativeCost	CostRate	AverageVVals	StdVVals	MaxVVals	MinVVals	AverageCostVVals	StdCostVVals	MaxCostVVals	MinCostVVals	LossPi	DeltaLossPi	SurrCost	DeltaSurrCost	LossV	DeltaLossV	LossVC	DeltaLossVC	Penalty	DeltaPenalty	StopIter	Entropy	KL	TotalEnvInteracts	Time
0	0.4292453	0.49496844	1.0	0.0	0.5707547	0.49496844	1.0	0.0	14.146698	1210.0	0.04033333333333333	-0.33677414	0.2973364	0.48276657	-0.861811	0.254691	0.21399586	1.095109	-0.2893292	-4.170736e-08	-0.0017544086	2.4668376e-08	-0.0025326128	1.0075662	-0.8265322	0.2893754	-0.105242714	0.99999994	0.031645715	3.0	1.0561929	0.016968368	30000	2384.756341934204
1	0.45694715	0.49814302	1.0	0.0	0.54305285	0.49814302	1.0	0.0	14.67319	2320.0	0.03866666666666667	0.48258063	0.13581038	0.8520982	0.027277503	0.44691464	0.16061693	1.0016472	0.096651636	1.2920849e-08	-0.002494369	1.7801921e-09	-0.001003821	0.24286175	-0.014532059	0.18483984	-0.009733796	1.0316457	0.030915022	10.0	1.0085907	0.013340601	60000	4773.81848859787
2	0.4552239	0.4979911	1.0	0.0	0.54477614	0.49799103	1.0	0.0	14.922388	3415.0	0.03794444444444445	0.55271715	0.17527847	1.0040387	0.018152377	0.44106516	0.16019008	1.0077678	-0.047931794	6.4272525e-09	-0.003155892	8.646647e-09	-0.00095464836	0.27518454	-0.010365695	0.16637313	-0.00871177	1.0625607	0.013970971	79.0	0.9396727	0.0107270675	90000	7174.3451380729675
3	0.4673748	0.49893442	1.0	0.0	0.5326252	0.49893442	1.0	0.0	15.16692	4468.0	0.037233333333333334	0.6007182	0.23911148	1.2007878	-0.08932015	0.4441767	0.19114177	1.1267283	-0.14563718	-3.4654095e-09	-0.0014418497	-7.629395e-09	-0.00096445566	0.3381673	-0.010580003	0.15538737	-0.008924723	1.0765316	0.031488776	8.0	0.87187636	0.01484474	120000	9566.140146017075
4	0.47343993	0.49929407	1.0	0.0	0.52656007	0.49929407	1.0	0.0	15.468283	5489.0	0.03659333333333333	0.6567223	0.2605743	1.4605047	-0.06093731	0.44442943	0.19567218	1.2068278	-0.17260374	-4.509514e-09	-0.0016206143	3.8146974e-09	-0.00034541523	0.39414093	-0.014762849	0.13673314	-0.008672103	1.1080204	0.021931887	79.0	0.7608478	0.007276242	150000	11966.83822607994
5	0.5097317	0.49990532	1.0	0.0	0.4902683	0.49990532	1.0	0.0	15.77959	6421.0	0.03567222222222222	0.70933616	0.29821768	1.7239013	-0.13549717	0.4387518	0.21632957	1.1694772	-0.24994963	-4.7759405e-09	-0.0014007561	0.0	-0.0002713721	0.4386153	-0.024808645	0.12234997	-0.0040430874	1.1299523	0.022451282	79.0	0.67478764	0.0059729083	180000	14368.219760656357
6	0.48976377	0.49989527	1.0	0.0	0.5102362	0.49989522	1.0	0.0	15.744357	7393.0	0.035204761904761905	0.7873887	0.3410532	2.0911229	-0.19353768	0.43801552	0.22403972	1.2422413	-0.21033038	4.3097477e-09	-0.0014435229	-2.5431315e-09	-0.0005339345	0.4941323	-0.026566178	0.11930394	-0.003603883	1.1524036	0.02387631	79.0	0.5970185	0.004084418	210000	16770.939453125
7	0.49760255	0.49999422	1.0	0.0	0.5023974	0.49999428	1.0	0.0	15.979222	8336.0	0.03473333333333333	0.8330224	0.38674307	2.7373235	-0.23788261	0.4148643	0.22667226	1.2626274	-0.25629914	-2.1723403e-09	-0.0007398573	2.0345052e-09	-0.00019712678	0.5636349	-0.031264782	0.11183942	-0.007941827	1.1762799	0.02739501	79.0	0.5340854	0.002498829	240000	19167.990203619003
8	0.47968337	0.499587	1.0	0.0	0.5203166	0.499587	1.0	0.0	15.827969	9322.0	0.034525925925925925	0.8666241	0.4458059	2.6773481	-0.21057059	0.4760235	0.23855147	1.357447	-0.19184384	6.5320855e-09	-0.000724371	1.2715658e-10	-0.00017549974	0.5819013	-0.02872616	0.10800903	-0.0043259263	1.2036749	0.027079105	79.0	0.49662787	0.0027657852	270000	21571.06647849083
9	0.5029396	0.4999914	1.0	0.0	0.4970604	0.4999914	1.0	0.0	16.032068	10252.0	0.03417333333333333	0.8343344	0.49888682	2.9965441	-0.27069435	0.4991174	0.24025132	1.3147765	-0.18047923	3.0868637e-09	-0.00057166687	-1.0172526e-09	-0.0002516683	0.5582386	-0.023432255	0.09846243	-0.0006982386	1.230754	0.030621886	79.0	0.43918887	0.0013319972	300000	23968.32219195366
10	0.5099623	0.4999007	1.0	0.0	0.4900377	0.49990073	1.0	0.0	16.15132	11162.0	0.03382424242424242	0.9389742	0.5147174	2.951906	-0.29215533	0.5537715	0.259472	1.4226897	-0.16824558	5.7545932e-09	-0.00057367777	-1.7801921e-09	-0.00016473516	0.5990561	-0.026478708	0.09255557	-0.005545214	1.2613759	0.029121876	79.0	0.42031386	0.001992976	330000	26365.700142383575
11	0.50079745	0.49999934	1.0	0.0	0.49920255	0.49999934	1.0	0.0	15.948963	12101.0	0.03361388888888889	0.9752448	0.5405495	3.3775468	-0.3149457	0.5079976	0.27333108	1.5832399	-0.15599303	-2.9370104e-09	-0.0005660749	-1.2715657e-09	-0.000264298	0.607773	-0.024895191	0.09101236	-0.0024126098	1.2904978	0.03050828	79.0	0.3887647	0.0016465571	360000	28764.114046812057
12	0.501606	0.49999744	1.0	0.0	0.498394	0.49999744	1.0	0.0	16.059958	13032.0	0.03341538461538462	0.98522884	0.5961237	3.623907	-0.3954504	0.5240215	0.2670251	1.410722	-0.16518529	7.3824564e-09	-0.0004486502	-8.9009605e-10	-0.00011128019	0.6297161	-0.02536738	0.083268344	-0.0028152242	1.3210061	0.030037522	79.0	0.4010046	0.0021019406	390000	31162.722752809525
13	0.49571735	0.49998164	1.0	0.0	0.50428265	0.49998164	1.0	0.0	16.054604	13974.0	0.03327142857142857	1.0000045	0.6343831	4.1316876	-0.35702345	0.51095057	0.27084795	1.5129201	-0.2698321	3.284519e-09	-0.0005285213	4.4504803e-10	-0.00018049654	0.65792614	-0.026324332	0.0899031	-0.0033058822	1.3510436	0.030855536	79.0	0.36298606	0.0014426733	420000	33565.82022809982
14	0.50968784	0.49990615	1.0	0.0	0.49031216	0.49990615	1.0	0.0	16.146395	14885.0	0.033077777777777775	1.0084684	0.67482674	4.2369156	-0.58771867	0.5135822	0.2752162	1.3948473	-0.21233666	3.4175612e-10	-0.00046500817	2.7974447e-09	-0.00021688423	0.6306881	-0.02146697	0.08330528	-0.0017744973	1.3818991	0.0319798	79.0	0.36671928	0.001348512	450000	35965.76191449165
15	0.5018647	0.49999654	1.0	0.0	0.49813533	0.49999654	1.0	0.0	15.980821	15820.0	0.03295833333333333	1.0224758	0.727504	4.171775	-0.6014889	0.5172515	0.28264233	1.6255468	-0.2226266	-2.665686e-09	-0.00063540635	-9.536744e-10	-0.0002802192	0.63752484	-0.023799956	0.08016945	-0.0018088892	1.4138789	0.031228065	79.0	0.38534728	0.0017055552	480000	38363.48996376991
16	0.5180788	0.49967307	1.0	0.0	0.4819212	0.49967307	1.0	0.0	16.184027	16713.0	0.03277058823529412	1.0626293	0.72969764	4.648513	-0.68177307	0.5116366	0.29141676	1.4413005	-0.22223726	-4.894388e-09	-0.00047599117	-3.3537546e-09	-0.00023312907	0.65576595	-0.009651899	0.079735175	-0.0018046349	1.445107	0.032608867	79.0	0.37477347	0.0011600185	510000	40772.380227565765
17	0.4864	0.49981496	1.0	0.0	0.5136	0.49981496	1.0	0.0	15.997867	17676.0	0.032733333333333337	0.97989357	0.7952878	4.583832	-0.85962397	0.5171547	0.2919897	1.5114915	-0.22737698	-3.6674558e-10	-0.0005506915	3.6875407e-09	-0.00028899906	0.67013556	-0.021507502	0.08044554	-0.0009646863	1.4777158	0.0326792	79.0	0.3880796	0.0016592613	540000	43169.45374941826
18	0.52056277	0.499577	1.0	0.0	0.47943723	0.499577	1.0	0.0	16.226732	18562.0	0.032564912280701755	1.0145621	0.79548067	5.7998924	-0.84417415	0.4767327	0.28692052	1.3321695	-0.25623354	-9.718659e-10	-0.0004356047	-2.2888185e-09	-0.00019750113	0.6527422	-0.018056631	0.0783926	-0.0023102015	1.510395	0.0322603	79.0	0.38720074	0.0020283202	570000	45566.32487988472
19	0.5	0.5	1.0	0.0	0.5	0.5	1.0	0.0	16.107412	19493.0	0.032488333333333334	1.0423015	0.7943449	4.938783	-0.78674567	0.50113565	0.2922487	1.4385093	-0.28550273	6.709787e-09	-0.00051631045	5.086263e-10	-0.00016422132	0.6796169	0.014973342	0.08250209	-0.0014458671	1.5426553	0.029902935	79.0	0.393123	0.0011508202	600000	47966.28920674324
20	0.50621283	0.49996135	1.0	0.0	0.49378714	0.49996135	1.0	0.0	16.207455	20407.0	0.03239206349206349	1.1933434	0.8204322	5.3307085	-0.6812507	0.519292	0.29338533	1.4061307	-0.315434	-4.8363864e-09	-0.00053467124	1.1444092e-09	-0.0003157196	0.8042678	-0.022047102	0.08449904	0.0061035976	1.5725583	0.03258884	79.0	0.4045918	0.0024068248	630000	50362.71511697769
21	0.50805587	0.4999351	1.0	0.0	0.49194413	0.4999351	1.0	0.0	16.111708	21323.0	0.03230757575757576	1.1269757	0.89569205	5.8915415	-0.8375085	0.58211637	0.28783146	1.5645481	-0.19386874	-4.370464e-09	-0.00028317902	1.4623006e-09	-0.00012009411	0.72514844	-0.007890344	0.08619875	-0.0053153187	1.6051471	0.03564298	79.0	0.39128816	0.00088164525	660000	52761.87865281105
22	0.54505736	0.4979657	1.0	0.0	0.45494264	0.4979657	1.0	0.0	16.375204	22156.0	0.03211014492753623	1.0776825	0.9239504	6.427497	-1.0374857	0.5260073	0.3036848	1.6503962	-0.30967987	7.476737e-09	-0.0006739853	2.7338665e-09	-0.00017858797	0.7828449	-0.033120394	0.07557897	-0.001493603	1.6407901	0.026644826	79.0	0.39767286	0.0020509239	690000	55159.546909570694
23	0.5235008	0.4994474	1.0	0.0	0.4764992	0.4994474	1.0	0.0	16.203133	23038.0	0.031997222222222226	1.1503524	0.9245289	6.8884826	-1.0556841	0.5070123	0.30039537	1.6597514	-0.2675163	-6.6803907e-10	-0.0004944904	-2.2888185e-09	-0.00024855472	0.74433726	-0.019171119	0.08008943	-0.00026475638	1.6674349	0.031098485	79.0	0.38188472	0.0021129113	720000	57561.071006536484
24	0.48156068	0.49965987	1.0	0.0	0.51843935	0.49965987	1.0	0.0	16.027792	24008.0	0.032010666666666666	1.1228203	0.9301193	6.640289	-0.9630143	0.55713993	0.29958805	1.638145	-0.295877	2.9356837e-09	-0.00045045593	-1.2715658e-10	-0.0002501825	0.80534446	-0.014456987	0.07922392	-0.0016892031	1.6985334	0.03524077	79.0	0.3545917	0.0012942927	750000	59965.40527701378
25	0.48956662	0.49989113	1.0	0.0	0.5104334	0.49989113	1.0	0.0	16.049225	24962.0	0.0320025641025641	1.2587721	0.96667343	6.3510156	-0.88240075	0.5318716	0.30252826	1.8847457	-0.31568342	2.8777805e-09	-0.0005132857	1.0172526e-09	-0.00040455602	0.8768056	-0.041159272	0.07602109	-0.00095460564	1.7337742	0.034991264	79.0	0.3575918	0.0020402714	780000	62369.351946115494
26	0.5	0.5	1.0	0.0	0.5	0.5	1.0	0.0	16.077171	25895.0	0.031969135802469135	0.98475534	0.9364791	6.2868156	-1.1469681	0.5165442	0.30149433	1.708805	-0.2974146	-1.144687e-09	-0.0006324997	5.086263e-10	-0.00040273997	0.7027204	-0.021151364	0.08398015	-0.0017142743	1.7687654	0.034023643	79.0	0.3376116	0.0020666905	810000	64771.88651847839
27	0.51403886	0.49980286	1.0	0.0	0.4859611	0.4998029	1.0	0.0	16.195465	26795.0	0.031898809523809524	1.1142784	0.96721965	6.9125814	-1.0356016	0.51558894	0.29724374	1.5156382	-0.26967987	-2.8498615e-09	-0.00036229804	-7.6293943e-10	-0.00019718324	0.71500105	-0.03045094	0.078798845	0.015852071	1.8027891	0.035140276	79.0	0.31677154	0.00080350967	840000	67179.7535007
28	0.52861774	0.49918035	1.0	0.0	0.4713823	0.49918035	1.0	0.0	16.198164	27668.0	0.031802298850574715	1.1098466	0.97204274	6.7130866	-1.1464443	0.37646177	0.30230644	2.3297954	-0.4537352	-7.903173e-09	-0.0006721633	-1.0681152e-08	-0.00033479754	0.7724269	-0.029120982	0.09164375	-0.011578128	1.8379294	0.0293113	79.0	0.31163973	0.0018728753	870000	69578.43462753296
29	0.50537634	0.49997106	1.0	0.0	0.49462366	0.49997106	1.0	0.0	16.128494	28588.0	0.03176444444444444	1.1517835	0.9794946	7.9674206	-1.0982567	0.48315504	0.29280448	1.4380449	-0.3583728	3.8319783e-09	-0.00026780038	1.5258789e-09	-0.00015099462	0.7749289	-0.01987034	0.07994627	-0.003091015	1.8672407	0.035116076	79.0	0.30365992	0.0015891152	900000	71976.74269032478
30	0.47729674	0.49948433	1.0	0.0	0.5227033	0.49948427	1.0	0.0	15.834213	29578.0	0.03180430107526882	1.1104275	0.96316224	6.6453395	-1.3533558	0.5258785	0.30460453	1.6109926	-0.3262693	-5.1718213e-10	-0.00041432568	-2.5431315e-10	-0.00016375569	0.74377865	-0.024079561	0.0745125	-0.001219675	1.9023567	0.035008073	79.0	0.28855395	0.0014567403	930000	74380.71069669724
31	0.4962527	0.49998596	1.0	0.0	0.50374734	0.4999859	1.0	0.0	16.058886	30519.0	0.031790625	1.1199125	0.98510545	6.7686396	-1.4159147	0.52910894	0.30824128	1.4988297	-0.32410997	1.3216337e-09	-0.0004328678	9.536744e-10	-0.0002739924	0.7372515	-0.0215348	0.07460381	-0.001524657	1.9373648	0.033854365	79.0	0.28552955	0.0015338454	960000	76780.92886281013
32	0.4912	0.49992257	1.0	0.0	0.5088	0.49992257	1.0	0.0	15.999467	31473.0	0.03179090909090909	1.0471684	0.9478992	7.1291795	-1.3349674	0.5045129	0.30962464	1.6565716	-0.36101794	3.1087186e-09	-0.00024572993	1.5894572e-09	-0.0002277165	0.6884939	-0.01109612	0.07769476	-0.0016901344	1.9712192	0.03978598	79.0	0.26430017	0.0011969701	990000	79179.14445543289
33	0.52190375	0.49951997	1.0	0.0	0.47809628	0.49951997	1.0	0.0	16.223906	32357.0	0.031722549019607846	0.94962245	0.91339636	6.9505816	-1.5350437	0.5110429	0.31282905	1.5181211	-0.39074302	6.756897e-10	-0.00034725433	0.0	-0.00013495535	0.6082706	-0.021138191	0.07684904	-0.001617156	2.0110052	0.03360653	79.0	0.281237	0.0013773529	1020000	81576.12407636642
34	0.50671685	0.49995494	1.0	0.0	0.49328318	0.49995494	1.0	0.0	16.113916	33275.0	0.03169047619047619	1.0545821	0.93582946	6.6505294	-1.378603	0.51624084	0.3077271	1.5045539	-0.31171238	-1.4319455e-09	-0.00028059215	2.0345052e-09	-0.000114816925	0.66836727	0.0056346655	0.07397583	-0.000256069	2.0446117	0.0333426	79.0	0.29309434	0.0014612932	1050000	83974.56010842323
35	0.49624866	0.49998593	1.0	0.0	0.50375134	0.49998593	1.0	0.0	16.0761	34215.0	0.03168055555555556	1.2643665	1.0019374	7.3520193	-1.3727329	0.48261967	0.2962829	1.4306554	-0.37604246	3.1761452e-10	-0.00043921554	-5.086263e-10	-0.00023629506	0.7977384	-0.034012556	0.08104809	-0.002916135	2.0779543	0.03427124	79.0	0.2655186	0.0014353275	1080000	86378.48732686043
36	0.501606	0.49999744	1.0	0.0	0.498394	0.49999744	1.0	0.0	16.05621	35146.0	0.03166306306306306	1.1347232	1.0400302	6.6551394	-1.6924193	0.54018235	0.3094529	1.4980315	-0.33664688	-1.6178915e-10	-0.00025463427	4.577637e-09	-0.000114169314	0.71850955	-0.020304501	0.07467374	-0.00093492866	2.1122255	0.035677195	79.0	0.2503886	0.0007154523	1110000	88779.61264777184
37	0.512945	0.49983242	1.0	0.0	0.487055	0.49983242	1.0	0.0	16.174757	36049.0	0.031621929824561405	1.1496582	1.050775	7.1285543	-2.1455014	0.5022617	0.31770387	1.539141	-0.3410935	1.5812088e-09	-0.00041916498	1.8437704e-09	-0.00010765355	0.77075154	-0.023177326	0.0731791	0.0012903214	2.1479027	0.027338028	79.0	0.26567215	0.001408518	1140000	91175.47532224655
38	0.49812132	0.49999645	1.0	0.0	0.5018787	0.49999645	1.0	0.0	16.101986	36984.0	0.03161025641025641	1.1600795	1.0631778	8.157133	-1.8027033	0.5736866	0.3106078	1.4905019	-0.28881866	-1.401507e-09	-0.00026314767	-1.8119812e-09	-9.990244e-05	0.7785715	-0.023832202	0.07254846	-0.0019350052	2.1752408	0.035625458	79.0	0.24613863	0.00063777494	1170000	93571.60987067223
39	0.52147907	0.49953842	1.0	0.0	0.47852093	0.49953842	1.0	0.0	16.30397	37864.0	0.031553333333333336	1.2127585	1.11	6.5033984	-1.8045154	0.53885514	0.31211802	1.5760484	-0.29121053	-2.9221938e-09	-0.00034300404	1.2715658e-10	-0.00016864562	0.8280473	-0.023693383	0.074788816	-0.0015393421	2.2108662	0.033000946	79.0	0.24612868	0.0015031721	1200000	95969.37294363976
40	0.5010718	0.4999988	1.0	0.0	0.4989282	0.4999988	1.0	0.0	16.072348	38795.0	0.03154065040650406	1.1543798	1.1124283	7.3708506	-2.0586002	0.51798016	0.30936408	1.6210732	-0.33724287	1.6616615e-09	-0.00029507917	-3.1789144e-10	-0.00018688475	0.7747105	-0.023468614	0.079055354	-0.001293473	2.2438672	0.036188126	79.0	0.214129	0.0011461868	1230000	98366.37732958794
41	0.5162162	0.499737	1.0	0.0	0.48378378	0.499737	1.0	0.0	16.212973	39690.0	0.0315	1.18633	1.1291528	8.327001	-1.7037004	0.5513	0.3108647	1.6162633	-0.3034213	8.2336626e-10	-0.00032458556	-2.1616617e-09	-0.00016588617	0.80867475	-0.019909263	0.07663498	-0.0013275743	2.2800553	0.0368793	79.0	0.21328951	0.000782045	1260000	100767.29804158211
42	0.5056543	0.49996802	1.0	0.0	0.49434572	0.49996802	1.0	0.0	16.151857	40608.0	0.03147906976744186	1.2040039	1.13894	8.035689	-1.9164227	0.4897403	0.30274934	1.479306	-0.34366548	-9.125098e-10	-0.00030828608	-1.5258789e-09	-0.00013877614	0.79602605	-0.022752404	0.07764299	-0.0021569058	2.3169346	0.033737898	79.0	0.21001305	0.00071393076	1290000	103167.02098202705
43	0.505624	0.49996835	1.0	0.0	0.494376	0.49996835	1.0	0.0	16.065882	41531.0	0.03146287878787879	1.1066302	1.0910839	7.3625054	-2.1187508	0.5219175	0.3063871	1.8989286	-0.30877152	-4.4632777e-09	-0.00030106565	-2.0345052e-09	-0.00017081363	0.7137168	-0.018085778	0.07428004	0.019133106	2.3506725	0.035475254	79.0	0.22247119	0.0007842085	1320000	105570.16033959389
44	0.5151351	0.4997709	1.0	0.0	0.48486486	0.49977085	1.0	0.0	16.214594	42428.0	0.03142814814814815	1.1308074	1.0944638	7.4478383	-2.0452487	0.6589807	0.307421	1.6845049	-0.19466817	2.121509e-09	-0.00029068376	2.7974447e-09	-0.00025582174	0.7621259	-0.018162906	0.09065858	-0.016224824	2.3861477	0.03894663	79.0	0.21820498	0.0014247204	1350000	107976.4954264164
45	0.5404814	0.49835855	1.0	0.0	0.4595186	0.49835855	1.0	0.0	16.408096	43268.0	0.031353623188405795	1.216825	1.1420962	8.230373	-1.8083924	0.5516239	0.3292009	1.7038393	-0.31218943	2.1695525e-09	-0.00036530674	2.22524e-09	-0.00023184122	0.8462896	-0.028359115	0.07213309	-0.0023321137	2.4250944	0.03895402	79.0	0.2072418	0.0011364741	1380000	110378.13931393623
46	0.51609445	0.4997409	1.0	0.0	0.48390558	0.49974096	1.0	0.0	16.090666	44170.0	0.03132624113475177	1.2419103	1.1729566	8.304769	-1.8470939	0.52503633	0.31810516	1.5903552	-0.27898967	4.5622883e-09	-0.00040754915	-1.0172526e-09	-0.00020554771	0.76322585	-0.021703005	0.06906693	-0.0018920824	2.4640484	0.03372264	79.0	0.20967689	0.0012077901	1410000	112777.44691681862
47	0.5080645	0.499935	1.0	0.0	0.4919355	0.499935	1.0	0.0	16.122581	45085.0	0.031309027777777776	1.2097255	1.1987907	8.168497	-1.9067887	0.52619326	0.31895778	1.5744563	-0.30485708	5.823059e-10	-0.0002869009	-1.0172526e-09	-0.00015313314	0.7578633	-0.01731658	0.07252257	-0.0012259334	2.497771	0.035453796	79.0	0.21446395	0.00083587633	1440000	115179.09889888763
48	0.51100373	0.4998789	1.0	0.0	0.48899624	0.4998789	1.0	0.0	16.092861	45996.0	0.03128979591836735	1.2227863	1.1619788	9.089296	-1.7982985	0.5225697	0.3210554	1.5705258	-0.32741883	-3.6945394e-10	-0.00022992669	-1.0172526e-09	-5.725212e-05	0.7924212	-0.022586107	0.07228741	-0.0017288402	2.5332248	0.03411603	79.0	0.21805619	0.0010050596	1470000	117580.84865903854
49	0.5005365	0.49999973	1.0	0.0	0.49946353	0.49999967	1.0	0.0	16.093348	46927.0	0.03128466666666667	1.1530161	1.1422538	7.9475007	-2.045338	0.5344615	0.3138711	1.4674578	-0.2751558	-5.2733666e-09	-0.00043643787	-1.7801921e-09	-0.00030171152	0.81356984	-0.027184665	0.07506119	0.018837348	2.5673409	0.035757303	79.0	0.2311265	0.0012872601	1500000	119984.25264883041
50	0.50593954	0.49996474	1.0	0.0	0.4940605	0.49996474	1.0	0.0	16.192225	47842.0	0.031269281045751635	1.2261859	1.195533	9.074773	-1.975047	0.66620684	0.30359092	1.7721854	-0.19134168	-4.2953094e-09	-0.00040357455	-4.577637e-09	-0.0002053482	0.8253755	-0.03085959	0.086976685	-0.014489055	2.6030982	0.031172276	79.0	0.23219815	0.0012656928	1530000	122382.28944516182
51	0.50215286	0.49999535	1.0	0.0	0.49784714	0.49999535	1.0	0.0	16.13832	48767.0	0.03126089743589744	1.1573533	1.1572844	8.15923	-2.1945577	0.5766277	0.31435612	1.5040141	-0.26523042	-1.0036508e-09	-0.00022371713	-2.5431315e-09	-0.00015126647	0.7830794	-0.032160938	0.073458515	-0.0027659684	2.6342704	0.038674593	79.0	0.21377708	0.0008052381	1560000	124787.05778193474
52	0.512945	0.49983242	1.0	0.0	0.487055	0.49983242	1.0	0.0	16.177994	49670.0	0.031238993710691824	1.2006453	1.2099781	8.421968	-2.0088618	0.5385344	0.31167078	1.4913174	-0.2952354	3.234875e-09	-0.00044244912	2.1616617e-09	-0.0003332157	0.7561087	-0.02396214	0.07308405	-0.0019983426	2.672945	0.037500143	79.0	0.2166792	0.0015070548	1590000	127193.13728260994
53	0.51863855	0.4996525	1.0	0.0	0.48136142	0.49965248	1.0	0.0	16.205835	50561.0	0.031210493827160495	1.2234806	1.205931	8.147717	-1.9279637	0.5229103	0.31850016	1.5289856	-0.31593376	1.3274186e-09	-0.00035126595	4.0690105e-09	-0.0004366145	0.7850026	-0.024166763	0.07288345	-0.0014030412	2.7104452	0.04578519	79.0	0.22124436	0.0024113301	1620000	129596.0692486763
54	0.49221686	0.4999394	1.0	0.0	0.5077832	0.4999394	1.0	0.0	16.099302	51507.0	0.031216363636363636	1.1843262	1.2148803	8.706726	-1.8214307	0.53205526	0.3151495	1.494758	-0.34033597	1.9676445e-09	-0.00041404032	2.5431315e-09	-0.0006221281	0.83083034	-0.034571886	0.07327495	-0.0015508905	2.7562304	0.068347216	79.0	0.2432163	0.0035423415	1650000	131991.08463311195
55	0.50428724	0.4999816	1.0	0.0	0.49571276	0.4999816	1.0	0.0	16.067524	52432.0	0.03120952380952381	1.1564565	1.1996738	8.9204235	-1.8812032	0.52387667	0.31365612	1.5818644	-0.28443876	1.579524e-09	-0.00052716996	-2.5431315e-09	-0.00042152125	0.73114556	-0.020496666	0.07182566	-0.001589492	2.8245776	0.04037404	79.0	0.25102878	0.0013002465	1680000	134394.24779462814
56	0.50885665	0.49992156	1.0	0.0	0.49114332	0.4999215	1.0	0.0	16.102522	53347.0	0.031197076023391813	1.1726799	1.2415724	9.549801	-1.9752823	0.53481907	0.31654575	1.4931378	-0.27968326	-3.2330778e-09	-0.00051566487	2.5431315e-10	-0.00039238817	0.80034244	-0.022824883	0.07359165	-0.0014346838	2.8649516	0.03385687	79.0	0.25129142	0.0019393899	1710000	136792.75182580948
57	0.5002687	0.49999988	1.0	0.0	0.49973133	0.49999988	1.0	0.0	16.11553	54277.0	0.03119367816091954	1.207542	1.1992215	10.094034	-1.6823783	0.5375311	0.31001616	1.5593253	-0.33313677	-9.1902147e-10	-0.00034579748	-2.2888185e-09	-0.00023112462	0.7764304	-0.021435738	0.07012526	0.0059661567	2.8988085	0.038752317	79.0	0.24492434	0.00089838455	1740000	139192.7756137848
58	0.49919572	0.49999934	1.0	0.0	0.5008043	0.4999993	1.0	0.0	16.078821	55211.0	0.031192655367231637	1.1266936	1.1740972	9.95063	-1.7506987	0.4588796	0.3110995	1.4513365	-0.3866769	5.6918004e-10	-0.00023388657	7.6293943e-10	-0.00019076055	0.7268137	-0.021623552	0.07664452	-0.004691668	2.9375608	0.04154706	79.0	0.23678795	0.0008640429	1770000	141596.80387091637
59	0.52628726	0.49930853	1.0	0.0	0.47371274	0.49930853	1.0	0.0	16.259079	56085.0	0.031158333333333333	1.1967716	1.1968951	8.413788	-1.7389154	0.5093364	0.30580726	1.4648936	-0.31001303	-5.994385e-09	-0.00035514357	-2.5431315e-09	-0.00036460222	0.75966	-0.020079434	0.07432417	-0.00037305802	2.9791079	0.04678774	79.0	0.23903649	0.0012425046	1800000	143997.50135326385
60	0.5080732	0.49993482	1.0	0.0	0.4919268	0.49993482	1.0	0.0	16.143703	56999.0	0.031146994535519126	1.2031213	1.2499623	8.2160845	-1.3823087	0.48889035	0.3093325	1.5218649	-0.39327833	2.4167928e-09	-0.0002898683	2.5431315e-09	-0.00021902492	0.75844103	-0.028383076	0.078102425	-0.0028015152	3.0258956	0.04234171	79.0	0.25420427	0.0011439787	1830000	146401.05269241333
61	0.51135135	0.4998711	1.0	0.0	0.48864865	0.4998711	1.0	0.0	16.211891	57903.0	0.031130645161290323	1.18249	1.1908287	9.617881	-1.5488471	0.5186255	0.31124482	1.6423093	-0.35061517	3.6598138e-09	-0.0003797088	2.0345052e-09	-0.00026424663	0.7808646	-0.025963187	0.068456724	-0.0018209964	3.0682373	0.036489725	79.0	0.2420406	0.0013662606	1860000	148801.2084581852
62	0.5040301	0.4999838	1.0	0.0	0.49596992	0.4999838	1.0	0.0	16.112305	58826.0	0.031124867724867725	1.2527052	1.2719605	8.341212	-1.8577012	0.5213464	0.31282198	1.496664	-0.3311874	5.9182786e-10	-0.00023120732	1.2715658e-10	-9.9431985e-05	0.76382333	-0.027014554	0.06979643	0.0047793984	3.104727	0.03536582	79.0	0.21476537	0.0007650032	1890000	151230.16931200027
63	0.51623374	0.4997364	1.0	0.0	0.48376623	0.49973643	1.0	0.0	16.229979	59720.0	0.031104166666666665	1.1657757	1.2396743	9.040797	-1.6589526	0.4578353	0.31078732	1.5376737	-0.35339358	-9.828307e-10	-0.0004299785	0.0	-0.00032229512	0.74220276	-0.02750063	0.074077025	-0.0040248036	3.1400928	0.03473425	79.0	0.21814151	0.0012698919	1920000	153632.09657287598
64	0.5153971	0.49976286	1.0	0.0	0.48460293	0.49976286	1.0	0.0	16.199352	60617.0	0.031085641025641025	1.2251749	1.2745056	8.345403	-1.5407658	0.5061387	0.30644464	1.4884744	-0.2989684	-2.0924384e-09	-0.00038690254	-5.086263e-10	-0.00028548331	0.7182294	-0.028104007	0.07124736	-0.0018871874	3.174827	0.037359	79.0	0.21694031	0.00089078007	1950000	156032.2453095913
65	0.5235772	0.49944386	1.0	0.0	0.47642276	0.49944377	1.0	0.0	16.25691	61496.0	0.03105858585858586	1.2618786	1.3206456	10.347547	-1.7687322	0.5156944	0.31328228	1.4899262	-0.37831324	-5.799734e-10	-0.00027400677	-1.2715658e-10	-0.00023863907	0.7648261	-0.025629103	0.0716992	-0.0016165748	3.212186	0.04526949	79.0	0.22112948	0.00080813677	1980000	158436.76710128784
66	0.5400982	0.49838954	1.0	0.0	0.4599018	0.49838954	1.0	0.0	16.362793	62339.0	0.031014427860696518	1.2168006	1.236567	9.249191	-1.5853864	0.5107522	0.3200869	1.6137058	-0.31335825	-2.17615e-09	-0.0003513871	-1.9073487e-09	-0.00027649535	0.70839363	-0.027764976	0.06977139	-0.0017717034	3.2574556	0.037017822	79.0	0.22906376	0.0016628385	2010000	160841.6263101101
67	0.5002684	0.49999994	1.0	0.0	0.49973163	0.49999994	1.0	0.0	16.10306	63270.0	0.03101470588235294	1.1741681	1.2393253	8.5182295	-1.723017	0.5073486	0.3187282	1.5206678	-0.28858316	-4.879151e-10	-0.00033453386	-2.7974447e-09	-0.00025646898	0.6762665	-0.030057073	0.071195565	-0.0016049296	3.2944734	0.039221764	79.0	0.23100106	0.0008891417	2040000	163248.681327343
68	0.51400864	0.49980378	1.0	0.0	0.4859914	0.49980378	1.0	0.0	16.16002	64172.0	0.03100096618357488	1.0969427	1.211154	9.482502	-1.7571993	0.5319446	0.3245029	1.5465212	-0.3469169	1.4867145e-09	-0.0004956509	1.0172526e-09	-0.0004989003	0.6902495	-0.024363995	0.07115073	-0.0010395646	3.3336952	0.038735628	79.0	0.22983317	0.0035544422	2070000	165652.33626127243
69	0.51941746	0.49962282	1.0	0.0	0.48058254	0.49962282	1.0	0.0	16.178534	65063.0	0.030982380952380952	1.209492	1.2193366	8.759728	-1.4109153	0.52654266	0.3147059	1.5159129	-0.2863121	1.8418537e-09	-0.00028347343	-1.0808309e-09	-0.00021512929	0.72030514	-0.030309439	0.068505205	-0.0011784062	3.3724308	0.037508965	79.0	0.23379987	0.0009157315	2100000	168049.6185953617
70	0.5173536	0.49969876	1.0	0.0	0.48264644	0.49969873	1.0	0.0	16.260845	65953.0	0.030963849765258216	1.1547776	1.2121336	9.431593	-1.5722576	0.51934355	0.3129036	1.5376099	-0.35431692	1.8075931e-09	-0.0003115299	1.1444092e-09	-0.00022950898	0.6944957	-0.02589202	0.07277086	0.0045164824	3.4099398	0.03853488	79.0	0.24852417	0.0011553164	2130000	170452.40026187897
71	0.50671685	0.49995494	1.0	0.0	0.49328318	0.49995494	1.0	0.0	16.117142	66871.0	0.030958796296296297	1.1885562	1.2784154	11.15841	-2.3735414	0.46078137	0.31053188	1.6281918	-0.40286064	8.7727664e-10	-0.00034068964	7.6293943e-10	-0.00032216695	0.709276	-0.024540067	0.07834996	-0.006198369	3.4484746	0.040335894	79.0	0.2383761	0.0016884091	2160000	172857.793227911
72	0.5113025	0.49987227	1.0	0.0	0.48869753	0.49987227	1.0	0.0	16.142088	67779.0	0.03094931506849315	1.2089732	1.2640284	8.82633	-1.8200424	0.5098447	0.31788936	1.5237046	-0.32927534	-4.7829025e-09	-0.00035647236	-1.7801921e-09	-0.00021266048	0.6865604	-0.021172643	0.07055241	-0.0009988025	3.4888105	0.03179097	79.0	0.24586624	0.002038977	2190000	175256.42429041862
73	0.50457233	0.49997905	1.0	0.0	0.49542764	0.49997914	1.0	0.0	16.130178	68700.0	0.030945945945945946	1.154376	1.2319113	10.1471615	-1.9019235	0.525613	0.32466468	1.496919	-0.29255536	-4.1910556e-10	-0.0003397473	3.973643e-11	-0.0002468428	0.7065191	-0.024330914	0.07019713	-0.0013591871	3.5206015	0.034650087	79.0	0.24491566	0.0013066247	2220000	177653.90667152405
74	0.51922035	0.49963042	1.0	0.0	0.48077965	0.49963042	1.0	0.0	16.235518	69588.0	0.030928	1.1850399	1.2582556	11.223232	-1.7784675	0.5249815	0.31126806	1.537928	-0.2583391	-3.1510765e-09	-0.00039171524	-2.0345052e-09	-0.00035819536	0.6971412	-0.021932185	0.065447845	-0.0010874718	3.5552516	0.042608738	79.0	0.2415913	0.0015452063	2250000	180057.3811826706
75	0.5121163	0.49985313	1.0	0.0	0.4878837	0.49985313	1.0	0.0	16.15132	70494.0	0.030918421052631578	1.1757921	1.2176876	10.035856	-1.8036522	0.52204466	0.31556922	1.5938939	-0.265328	1.47357e-09	-0.00038508166	1.0172526e-09	-0.00028432006	0.6509563	-0.026469827	0.06744765	-0.0013543814	3.5978603	0.035419703	79.0	0.24489313	0.0018255368	2280000	182462.80819439888
76	0.52272725	0.49948326	1.0	0.0	0.47727272	0.4994832	1.0	0.0	16.231602	71376.0	0.030898701298701297	1.1505603	1.22514	9.529545	-2.2374694	0.5251784	0.32173416	1.7899482	-0.3056891	-2.2321123e-09	-0.00027736597	-1.2715657e-09	-0.00023275554	0.6303801	-0.01947695	0.06566098	-0.0014968067	3.63328	0.041481733	79.0	0.24122657	0.0010515614	2310000	184860.69524908066
77	0.50350404	0.49998766	1.0	0.0	0.49649596	0.49998766	1.0	0.0	16.171429	72297.0	0.030896153846153847	1.1843979	1.1926318	8.189365	-1.4091547	0.5240168	0.3196423	1.5460787	-0.3659223	2.7642988e-10	-0.00033483986	-6.357829e-11	-0.00025391846	0.7439809	-0.03687489	0.07123042	-0.001988411	3.6747618	0.037190676	79.0	0.23669186	0.0010500796	2340000	187271.0363752842
78	0.52054054	0.49957788	1.0	0.0	0.47945946	0.49957788	1.0	0.0	16.208109	73184.0	0.030879324894514767	1.2305597	1.2627661	8.5178995	-1.7507988	0.5294524	0.3102033	1.5613909	-0.2599615	-3.5146264e-09	-0.0003778793	-2.5431315e-09	-0.00026604513	0.6937146	-0.031610966	0.06652746	-0.0013315454	3.7119524	0.027577639	79.0	0.24896128	0.0014764107	2370000	189676.2609345913
79	0.49276915	0.49994773	1.0	0.0	0.5072309	0.49994773	1.0	0.0	16.06481	74131.0	0.030887916666666668	1.208444	1.3063116	8.542734	-1.5617806	0.5357235	0.3257444	1.6122656	-0.35618544	5.1376734e-09	-0.00038793727	6.1035155e-09	-0.00028118695	0.74185455	-0.024406075	0.06854957	-0.0018371791	3.73953	0.03293872	79.0	0.261785	0.0012421506	2400000	192075.63683986664
80	0.51431656	0.499795	1.0	0.0	0.4856834	0.499795	1.0	0.0	16.206915	75030.0	0.030876543209876543	1.1671705	1.259484	8.864273	-1.6746566	0.53219146	0.3134556	1.4808582	-0.275062	1.5900181e-09	-0.00040842048	2.415975e-09	-0.00029678637	0.71948427	-0.03015554	0.06553138	-0.0009530932	3.7724688	0.031593323	79.0	0.2630766	0.0015308581	2430000	194477.4736161232
81	0.5203252	0.49958676	1.0	0.0	0.4796748	0.49958673	1.0	0.0	16.253658	75915.0	0.030859756097560975	1.1292871	1.2190645	7.657513	-1.6355568	0.5546024	0.3225442	1.5762686	-0.27147254	-6.041282e-10	-0.0019834982	-7.6293943e-10	-0.0029881208	0.5978023	-0.018151462	0.069118395	-0.0020082518	3.8040621	0.038743973	66.0	0.25130448	0.017340053	2460000	196880.5171136856
82	0.51423967	0.49979722	1.0	0.0	0.48576033	0.49979722	1.0	0.0	16.118216	76819.0	0.030851004016064255	1.1094569	1.1848166	8.600206	-2.126515	0.5407941	0.3302434	1.5443665	-0.31678292	-1.13742495e-10	-0.0004077999	-5.4041543e-10	-0.0003589874	0.64399713	-0.021103263	0.07049681	-0.0019203499	3.842806	0.055435658	79.0	0.27627584	0.002931046	2490000	199283.32833623886
83	0.50134337	0.49999818	1.0	0.0	0.49865663	0.49999818	1.0	0.0	16.116604	77747.0	0.030851984126984127	1.1541375	1.22427	9.04385	-1.8163258	0.5309242	0.33139884	1.5333085	-0.29800823	-1.0965542e-09	-0.00038674506	-1.5735626e-09	-0.0002968665	0.6995659	-0.020612001	0.06868827	-0.0012984872	3.8982418	0.032257795	79.0	0.26679036	0.0018515198	2520000	201683.10171937943
84	0.51367295	0.49981305	1.0	0.0	0.48632708	0.49981305	1.0	0.0	16.078821	78654.0	0.03084470588235294	1.1607897	1.2774144	10.26907	-2.169664	0.52398413	0.32295805	1.5692188	-0.3309463	4.3414564e-10	-0.0032300919	-1.5258789e-09	-0.0043502185	0.6658905	-0.029130578	0.06855772	0.0009042695	3.9304996	0.037302017	63.0	0.2701982	0.01809277	2550000	204086.65698885918
85	0.5317762	0.49898925	1.0	0.0	0.46822378	0.49898922	1.0	0.0	16.29006	79516.0	0.03082015503875969	1.1985406	1.293238	8.821457	-1.6465969	0.5767199	0.31298065	1.681037	-0.31179678	-9.598793e-10	-0.0006884958	-1.970927e-09	-0.000692475	0.74007756	-0.039023817	0.06784291	-0.0031912327	3.9678016	0.05593586	79.0	0.24606657	0.0022791352	2580000	206490.4389948845
86	0.54018587	0.49838248	1.0	0.0	0.4598141	0.4983825	1.0	0.0	16.39311	80357.0	0.030788122605363986	1.2772518	1.4051337	9.539001	-1.8366752	0.53188527	0.32246357	1.6613687	-0.33129758	-2.3418438e-09	-0.0004095514	-2.7974447e-09	-0.00041216813	0.7479418	-0.034480333	0.066151224	-0.000941284	4.0237374	0.045272827	79.0	0.25934836	0.0019541536	2610000	208887.63385558128
87	0.5077832	0.4999394	1.0	0.0	0.49221686	0.4999394	1.0	0.0	16.093397	81274.0	0.030785606060606062	1.2535374	1.3444195	10.286965	-1.6648879	0.5169693	0.32598317	1.4207559	-0.3146147	1.6054458e-09	-0.00052881555	0.0	-0.0005050425	0.7283262	-0.02867335	0.064806364	-0.0017825067	4.0690103	0.032525063	79.0	0.262206	0.0022313695	2640000	211292.97870373726
88	0.5159201	0.49974647	1.0	0.0	0.48407987	0.49974647	1.0	0.0	16.189962	82171.0	0.03077565543071161	1.2297176	1.3261622	10.584312	-1.4659	0.5327404	0.3214629	1.5209166	-0.38246986	3.3690752e-09	-0.0005346728	1.4623006e-09	-0.00054275914	0.72716504	-0.022277594	0.068984225	-0.0013041422	4.1015353	0.040287495	79.0	0.25387874	0.0024706419	2670000	213702.96892094612
89	0.50159913	0.49999747	1.0	0.0	0.49840087	0.49999747	1.0	0.0	15.983476	83106.0	0.03078	1.209816	1.329921	11.425783	-1.6051079	0.53048694	0.31888992	1.5673413	-0.2860142	6.6788536e-10	-0.0005026835	-8.9009605e-10	-0.0003574594	0.71973854	-0.02400273	0.06929084	-0.0017541647	4.141823	0.031609535	79.0	0.27343497	0.0018087332	2700000	216109.7513616085
90	0.49544725	0.4999792	1.0	0.0	0.5045528	0.49997926	1.0	0.0	16.066952	84048.0	0.030786813186813186	1.2399273	1.4270408	10.228759	-1.5988816	0.5447614	0.31767085	1.6225561	-0.3367229	-3.0091305e-09	-0.00038623883	-1.7801921e-09	-0.00041903483	0.8280375	-0.04123658	0.064677164	-0.00047035515	4.1734324	0.04334736	79.0	0.26691547	0.0018972633	2730000	218514.7748119831
91	0.48375067	0.4997359	1.0	0.0	0.51624936	0.4997359	1.0	0.0	15.982951	85017.0	0.030803260869565217	1.1817075	1.3681605	9.531026	-1.9938529	0.5125476	0.32433948	1.5130035	-0.32978678	-2.432754e-10	-0.00031054788	-1.7484029e-09	-0.00030220422	0.689869	-0.025862992	0.069811195	-0.0025240406	4.2167797	0.045961857	79.0	0.26553923	0.0011186731	2760000	220916.8375248909
92	0.498394	0.49999744	1.0	0.0	0.501606	0.49999744	1.0	0.0	16.05514	85954.0	0.0308078853046595	1.1858113	1.3761407	10.013886	-1.740961	0.5290396	0.31852028	1.547275	-0.29036748	-8.4750523e-10	-0.0035507584	-7.6293943e-10	-0.0051061	0.65978765	-0.022614479	0.06615949	0.00063032657	4.2627416	0.049981594	41.0	0.2655829	0.02300734	2790000	223323.38941264153
93	0.5066952	0.49995518	1.0	0.0	0.49330476	0.49995515	1.0	0.0	16.065346	86875.0	0.03080673758865248	1.1983856	1.3586847	8.825063	-1.9009023	0.5611365	0.32159173	1.612373	-0.24486652	-1.3552932e-09	-0.0006419565	-2.5431315e-10	-0.0015789991	0.6939711	-0.010818899	0.06685024	-0.002451025	4.312723	0.09949827	53.0	0.29816672	0.013855682	2820000	225727.66425967216
94	0.507676	0.49994108	1.0	0.0	0.492324	0.49994108	1.0	0.0	15.879301	87805.0	0.03080877192982456	1.0619936	1.2722842	9.689342	-1.8098118	0.53552824	0.32584977	1.6571878	-0.2990973	3.4857768e-09	-0.00069722	3.8146974e-09	-0.0006180055	0.5938234	-0.034617424	0.06801792	-0.0012380183	4.4122214	0.04758215	79.0	0.32031965	0.0029268728	2850000	228127.886729002
95	0.510661	0.4998863	1.0	0.0	0.48933902	0.49988633	1.0	0.0	15.988806	88723.0	0.03080659722222222	1.1618892	1.3140757	10.682677	-1.4568355	0.5425675	0.32247162	1.6317632	-0.3461906	-1.6864407e-10	-0.0011294851	7.6293943e-10	-0.002322916	0.6626162	-0.040118158	0.067781664	-0.001830563	4.4598036	0.0577631	79.0	0.31669667	0.013830847	2880000	230526.14043045044
96	0.51272535	0.499838	1.0	0.0	0.48727465	0.499838	1.0	0.0	15.897667	89642.0	0.030804810996563573	1.185545	1.3337475	9.32959	-1.9176064	0.53766316	0.3223857	1.6379611	-0.2503603	-3.2426406e-09	-0.00074260496	-2.3841857e-09	-0.00055932073	0.6397565	-0.036542177	0.066841885	-0.0013939887	4.5175667	0.03686714	79.0	0.3530203	0.005185221	2910000	232928.61287903786
97	0.49446493	0.49996936	1.0	0.0	0.50553507	0.49996936	1.0	0.0	15.806537	90601.0	0.030816666666666666	1.1146307	1.2778207	8.889865	-1.3818357	0.52940637	0.32508796	1.5545423	-0.3506593	1.17501e-09	-0.0008741977	7.6293943e-10	-0.0011669137	0.58208	-0.023886919	0.07023848	-0.00214722	4.554434	0.05283642	79.0	0.34051365	0.007816558	2940000	235333.0711658001
98	0.5146199	0.4997862	1.0	0.0	0.4853801	0.4997862	1.0	0.0	15.947369	91514.0	0.03081279461279461	1.1607423	1.3018	8.919525	-1.482565	0.5375727	0.3233155	1.720409	-0.2983173	-2.8589622e-10	-0.00080249034	-1.2715658e-10	-0.001002856	0.6522289	-0.024852276	0.06335196	-0.0017468482	4.6072702	0.06643772	79.0	0.35179973	0.0062474976	2970000	237730.5074956417
99	0.50079405	0.49999934	1.0	0.0	0.49920592	0.49999934	1.0	0.0	15.8745365	92457.0	0.030819	1.1747935	1.28492	11.292612	-2.034606	0.5285783	0.320674	1.6011899	-0.28921273	-4.6974806e-09	-0.0007146091	-4.83195e-09	-0.0006984942	0.70761555	-0.024893165	0.06666512	-0.0015039146	4.673708	0.05209589	79.0	0.3624854	0.0044881	3000000	240132.69015192986
100	0.5196182	0.49961498	1.0	0.0	0.48038176	0.49961495	1.0	0.0	15.90456	93363.0	0.030812871287128712	1.1360503	1.2150066	9.464278	-1.4794052	0.5191775	0.32984164	1.5879257	-0.31012568	1.1866752e-09	-0.0008552255	1.6530355e-09	-0.0009615636	0.6183707	-0.028210223	0.062266227	0.00056837127	4.725804	0.05876398	79.0	0.34951034	0.005529665	3030000	242533.49643588066
101	0.5136	0.49981496	1.0	0.0	0.4864	0.49981496	1.0	0.0	15.9936	94275.0	0.030808823529411763	1.1218078	1.253449	12.069214	-1.7572733	0.5640082	0.33041945	1.5266488	-0.43936753	5.827004e-10	-0.00092909974	-8.9009605e-10	-0.0011486259	0.6638686	-0.025364459	0.06807823	0.0045830905	4.784568	0.05922413	79.0	0.32126784	0.0065342286	3060000	244935.60560584068
102	0.52805984	0.49921203	1.0	0.0	0.47194013	0.49921203	1.0	0.0	16.028862	95158.0	0.03079546925566343	1.1359226	1.2117352	9.618369	-1.8741275	0.61119777	0.33528545	1.7489958	-0.24844201	1.2185185e-09	-0.0007817076	0.0	-0.0010740026	0.6210499	-0.030697167	0.07178534	-0.007622838	4.843792	0.061836243	71.0	0.31766635	0.012652736	3090000	247334.859947443
103	0.53023005	0.4990853	1.0	0.0	0.46976992	0.4990853	1.0	0.0	16.043339	96036.0	0.03078076923076923	1.1471013	1.2220807	8.630642	-1.7360121	0.5444077	0.34092677	1.6346002	-0.3059983	-2.746327e-10	-0.0010541488	1.0172526e-09	-0.00139888	0.6080069	-0.031021595	0.06649849	-0.0017663613	4.905628	0.07317352	79.0	0.29446098	0.012475597	3120000	249739.3603720665
104	0.51508737	0.49977234	1.0	0.0	0.48491266	0.49977234	1.0	0.0	15.875595	96952.0	0.030778412698412697	1.1158471	1.218722	10.846864	-1.5978777	0.54168504	0.3276461	1.5681608	-0.29128528	2.7963856e-10	-0.00080312236	-8.9009605e-10	-0.0010839173	0.65790164	-0.026465178	0.06806935	-0.0016530827	4.9788017	0.07133579	79.0	0.30575708	0.004608485	3150000	252145.55516052246
105	0.52737904	0.49924982	1.0	0.0	0.47262093	0.49924982	1.0	0.0	15.946836	97841.0	0.03076761006289308	1.1900194	1.2572207	8.686348	-1.6078328	0.5193195	0.3314196	1.688185	-0.35924768	-1.857938e-09	-0.00064908067	-1.0172526e-09	-0.0009980291	0.6338781	-0.029815376	0.06720287	-0.001357168	5.0501375	0.053333282	16.0	0.3200373	0.014430203	3180000	254544.1026954651
106	0.5271855	0.49926043	1.0	0.0	0.4728145	0.49926043	1.0	0.0	15.989339	98728.0	0.030756386292834892	1.1558323	1.2481244	9.624847	-1.9715657	0.5275072	0.33390906	1.6614249	-0.38369754	1.5962857e-09	-0.0009086938	2.6067097e-09	-0.0011237112	0.6590164	-0.023716748	0.0686609	-0.001618132	5.103471	0.060381413	79.0	0.32856226	0.006147457	3210000	256947.71499419212
107	0.5276596	0.49923435	1.0	0.0	0.47234043	0.49923432	1.0	0.0	15.954255	99616.0	0.030745679012345678	1.1550163	1.2369223	9.766373	-2.110042	0.50724524	0.31464496	1.8870574	-0.33309746	-3.1207545e-09	-0.00077049684	-2.5431315e-09	-0.0007045735	0.6517979	-0.022423804	0.06785083	-0.0019496977	5.163852	0.04589796	79.0	0.29593295	0.0036148508	3240000	259355.86434555054
108	0.50896627	0.49991956	1.0	0.0	0.49103376	0.49991956	1.0	0.0	15.817511	100547.0	0.030748318042813454	1.0697839	1.1574066	8.905938	-1.606478	0.5283837	0.33171806	1.7486668	-0.2896091	-3.2363778e-10	-0.0029977623	2.5431315e-09	-0.004142345	0.57994	-0.026886523	0.06396615	-0.0014477745	5.20975	0.05203581	21.0	0.29993808	0.021188611	3270000	261759.88549232483
109	0.53419495	0.49882933	1.0	0.0	0.46580505	0.49882933	1.0	0.0	16.145935	101412.0	0.03073090909090909	1.1526852	1.2276889	9.926035	-1.5521646	0.51117164	0.33033112	1.7050924	-0.34644616	-7.591102e-11	-0.00039405611	1.2715658e-10	-0.00065256347	0.6291761	-0.016586185	0.06926986	-0.0021197125	5.261786	0.05186653	8.0	0.2663627	0.014719916	3300000	264159.8720445633
110	0.5101496	0.499897	1.0	0.0	0.48985043	0.49989703	1.0	0.0	16.018696	102329.0	0.03072942942942943	1.0861295	1.2378349	8.383587	-1.3940738	0.5006892	0.32564348	1.5145515	-0.31614637	1.8995466e-10	-0.0017225931	-6.3578287e-10	-0.0022592684	0.5697668	-0.023463607	0.06634057	-0.0018182918	5.3136525	0.08337641	79.0	0.26327664	0.009982005	3330000	266564.62414360046
111	0.5441335	0.49804842	1.0	0.0	0.45586652	0.49804842	1.0	0.0	16.14478	103176.0	0.030707142857142856	1.1078268	1.209449	9.014873	-1.3902369	0.50403804	0.31840438	1.5073706	-0.3441654	-2.2414668e-09	-0.0015826058	-1.5258789e-09	-0.0027748407	0.5319229	-0.021370292	0.0693223	-0.0007414147	5.397029	0.05775833	28.0	0.26509258	0.021679875	3360000	268967.2541151047
112	0.5537057	0.49710736	1.0	0.0	0.4462943	0.49710736	1.0	0.0	16.106337	104007.0	0.030680530973451327	1.1419436	1.2097244	8.845972	-1.4611083	0.51007414	0.321926	1.6392418	-0.27133885	2.9944405e-09	-0.0007422271	2.7974447e-09	-0.0017307379	0.5933193	-0.02670902	0.07357949	-0.0025581196	5.4547873	0.06066084	24.0	0.27698886	0.012820737	3390000	271367.8343696594
113	0.5343633	0.49881777	1.0	0.0	0.46563664	0.49881774	1.0	0.0	15.982951	104881.0	0.030666959064327485	1.078875	1.1100371	8.266744	-1.5311493	0.49599692	0.31975123	1.5432838	-0.2733706	-1.6582712e-09	-0.00083917554	2.5431315e-10	-0.0011936338	0.57619226	-0.025915086	0.07491006	-0.0016262382	5.515448	0.0758605	79.0	0.29118562	0.0072963983	3420000	273765.5017032623
114	0.5293806	0.49913603	1.0	0.0	0.47061938	0.49913603	1.0	0.0	15.873478	105770.0	0.030657971014492753	1.0559697	1.0943378	8.045262	-1.5923731	0.49652177	0.32779083	1.5670463	-0.3627769	6.173297e-10	-0.0010989676	0.0	-0.0012515405	0.4851006	-0.024491817	0.07268097	-0.0015665814	5.5913086	0.054604053	52.0	0.3050378	0.0122661805	3450000	276169.2039384842
115	0.55277187	0.4972073	1.0	0.0	0.44722813	0.4972073	1.0	0.0	15.98774	106609.0	0.03063477011494253	1.0708276	1.096827	8.434183	-1.4444215	0.47856855	0.32210818	1.900622	-0.32282674	-5.76374e-10	-0.0010224628	7.6293943e-10	-0.0014451058	0.50787526	-0.028311849	0.074944355	-0.0022155568	5.6459126	0.04952717	34.0	0.3044709	0.01684557	3480000	278575.7765879631
116	0.5364168	0.49867204	1.0	0.0	0.4635832	0.498672	1.0	0.0	15.9479	107481.0	0.030621367521367522	1.050907	1.1040627	8.708629	-1.253435	0.46969143	0.31732953	1.6849	-0.43654665	-8.099852e-10	-0.000989338	-1.3987224e-09	-0.0015242703	0.48066887	-0.031018913	0.07132497	-0.0012105927	5.69544	0.07826567	79.0	0.2879843	0.009053398	3510000	280972.91546320915
117	0.54628146	0.4978535	1.0	0.0	0.45371857	0.4978535	1.0	0.0	16.047085	108329.0	0.03060141242937853	1.0522116	1.0360781	8.022567	-1.4486278	0.46020156	0.3177867	1.6792685	-0.31111237	-1.1348211e-09	-0.0016501658	2.5431315e-10	-0.0019344818	0.49917182	-0.03139466	0.07421856	-0.0022941977	5.7737055	0.059914112	79.0	0.26668388	0.007772185	3540000	283377.95806884766
118	0.52275133	0.49948213	1.0	0.0	0.47724867	0.49948213	1.0	0.0	15.862963	109231.0	0.030596918767507003	1.0403358	1.063982	8.035405	-1.1345454	0.4777024	0.31908536	1.7026954	-0.44066584	8.684086e-10	-0.0006176576	1.3987224e-09	-0.00089494564	0.46667308	-0.021782309	0.07420621	-0.0014659241	5.8336196	0.05526972	48.0	0.27388367	0.0129552875	3570000	285780.2775056362
119	0.52368283	0.49943885	1.0	0.0	0.4763172	0.49943885	1.0	0.0	15.964875	110126.0	0.030590555555555555	1.033105	1.0815203	10.637833	-1.305506	0.49588263	0.32324976	1.6603988	-0.4085875	-1.0726272e-09	-0.0006198581	1.2715658e-10	-0.000749888	0.58520865	-0.025516987	0.07147871	0.0133519545	5.8888893	0.059060097	79.0	0.27098128	0.0029275636	3600000	288182.2465584278
120	0.51693124	0.49971327	1.0	0.0	0.4830688	0.49971327	1.0	0.0	15.864551	111039.0	0.03058925619834711	1.0223951	1.0908467	8.934216	-0.91113955	0.6087508	0.33067945	1.71483	-0.2766565	2.9129683e-09	-0.00094634393	2.0345052e-09	-0.001351106	0.50650865	-0.02139628	0.08892569	-0.016480654	5.9479494	0.070662975	79.0	0.26134682	0.0098223025	3630000	290587.85286164284
121	0.5479744	0.49769312	1.0	0.0	0.4520256	0.49769312	1.0	0.0	15.988806	111887.0	0.030570218579234972	0.99756765	1.0907437	8.385824	-1.1574706	0.47969306	0.32903045	1.6190947	-0.2928085	5.079519e-10	-0.0003571384	2.5431315e-10	-0.0009251573	0.5420274	-0.03965807	0.074914165	-0.0025711134	6.0186124	0.05052185	7.0	0.25153738	0.012100873	3660000	292990.0985751152
122	0.5287903	0.49917042	1.0	0.0	0.47120973	0.49917042	1.0	0.0	15.837824	112779.0	0.03056341463414634	1.0138464	1.0446067	8.209391	-1.256311	0.4715059	0.3314417	1.5571011	-0.3523314	1.1611532e-09	-0.00084691343	1.0172526e-09	-0.0010331823	0.46755266	-0.02093476	0.07151749	-0.0017874613	6.069134	0.060825825	79.0	0.23869805	0.006985473	3690000	295394.5709826946
123	0.5416004	0.4982664	1.0	0.0	0.45839956	0.49826643	1.0	0.0	15.893481	113644.0	0.030549462365591397	1.0012172	1.0400892	8.3951235	-1.3944834	0.47290924	0.33107916	2.1766684	-0.39201942	1.8399401e-09	-0.00088540645	1.1444092e-09	-0.0010429608	0.5227329	-0.03110069	0.07581282	-0.0016290098	6.12996	0.053204536	79.0	0.23192136	0.005691793	3720000	297796.2487671375
124	0.553429	0.49713716	1.0	0.0	0.44657096	0.49713716	1.0	0.0	15.945242	114484.0	0.030529066666666667	0.9936458	1.0719931	9.183864	-1.3610123	0.4787087	0.32219946	1.6485217	-0.39101222	-2.7324307e-10	-0.0018262967	1.7801921e-09	-0.0023705026	0.45424178	-0.02506864	0.07350346	-0.0026623532	6.1831646	0.05240822	37.0	0.22892024	0.01497461	3750000	300207.59686923027
125	0.5447801	0.4979907	1.0	0.0	0.45521992	0.4979907	1.0	0.0	15.891362	115343.0	0.030514021164021164	1.0402546	1.021639	8.655149	-1.1840017	0.46223354	0.3242892	1.6832393	-0.37155497	1.0172526e-09	-0.00075164146	1.0172526e-09	-0.0012314118	0.43316376	-0.023160309	0.07310073	-0.0005826205	6.235573	0.069969654	70.0	0.20997763	0.01236606	3780000	302606.67674279213
126	0.5276753	0.49923348	1.0	0.0	0.47232473	0.49923348	1.0	0.0	15.811809	116239.0	0.030508923884514434	1.0443658	1.0999293	8.599987	-1.6336291	0.43267527	0.31818193	1.5308425	-0.39087528	1.7695723e-10	-0.0009809006	-7.6293943e-10	-0.001502087	0.52003354	-0.024184763	0.07464027	-0.0035244823	6.3055425	0.08132172	62.0	0.20906009	0.0121667115	3810000	305008.6560611725
127	0.54217505	0.49821812	1.0	0.0	0.45782495	0.49821812	1.0	0.0	15.915119	117102.0	0.0304953125	1.0135641	1.0332375	8.38173	-1.1584022	0.46031758	0.32788214	1.5722966	-0.35677803	1.0172527e-09	-0.00057432795	1.0172526e-09	-0.00065147434	0.4484356	-0.024246156	0.07388979	-0.000324063	6.386864	0.054876804	79.0	0.21887617	0.0039087804	3840000	307408.0994255543
128	0.51507276	0.4997728	1.0	0.0	0.48492724	0.4997728	1.0	0.0	15.58368	118035.0	0.0305	0.9956555	1.0781093	8.614073	-1.5734028	0.41919434	0.3242675	1.5867405	-0.38194793	-2.4552904e-09	-0.0006052991	-3.941854e-09	-0.0008646026	0.4779265	-0.025327206	0.078795314	-0.0035590827	6.441741	0.052671432	47.0	0.21693744	0.012858786	3870000	309804.38172388077
129	0.53854275	0.49851227	1.0	0.0	0.46145722	0.49851227	1.0	0.0	15.835269	118909.0	0.03048948717948718	1.029085	1.1043506	9.441132	-1.54072	0.45136687	0.3296289	1.5780147	-0.29291007	1.7167087e-09	-0.0007478792	1.5894572e-09	-0.0007918629	0.45722538	-0.025755674	0.073480986	-0.0016175434	6.4944124	0.0513587	79.0	0.21197617	0.0046529756	3900000	312202.8153092861
130	0.54320335	0.49813002	1.0	0.0	0.45679662	0.49813	1.0	0.0	15.803477	119776.0	0.03047735368956743	0.9586528	1.0401477	9.236978	-1.3198106	0.4432207	0.32800016	1.6544566	-0.38275895	7.4763074e-10	-0.00076401443	1.0172526e-09	-0.00089637755	0.40885016	-0.024497002	0.07559504	-0.0016923919	6.545771	0.051160812	79.0	0.20275064	0.0050653946	3930000	314610.67307567596
131	0.55673945	0.49677017	1.0	0.0	0.44326052	0.49677017	1.0	0.0	15.979755	120608.0	0.030456565656565657	1.0243459	1.0716912	9.460453	-1.4108461	0.4406558	0.32281837	1.5752527	-0.31867966	1.1181934e-09	-0.0006181115	-2.5431315e-10	-0.0007858735	0.45751414	-0.027973771	0.075157955	-0.001802899	6.596932	0.048971176	31.0	0.20877418	0.013767167	3960000	317013.20826268196
132	0.52757543	0.49923903	1.0	0.0	0.47242457	0.49923903	1.0	0.0	15.606139	121516.0	0.03045513784461153	0.9508898	1.0556744	9.152644	-1.4001131	0.44507155	0.3354629	1.670872	-0.42309856	1.6374407e-09	-0.00085870945	1.2715657e-09	-0.0013783348	0.47703347	-0.02902338	0.0776604	-0.0023266897	6.645903	0.05809784	37.0	0.20785433	0.014212211	3990000	319417.08028793335
133	0.5429769	0.49814957	1.0	0.0	0.45702305	0.4981496	1.0	0.0	15.719077	122388.0	0.030444776119402984	0.99225533	1.1020281	10.9193	-1.2494037	0.43815616	0.3198686	1.7257968	-0.34096715	5.978868e-10	-0.0010834445	7.6293943e-10	-0.0016954963	0.4719333	-0.028680384	0.07653205	-0.0019497573	6.704001	0.05117464	12.0	0.1964943	0.020269977	4020000	321818.99127316475
134	0.52430195	0.49940905	1.0	0.0	0.47569802	0.49940905	1.0	0.0	15.510859	123308.0	0.03044641975308642	1.00235	1.1230936	10.04792	-1.2004161	0.44183284	0.32885128	1.5741746	-0.40449145	-1.040659e-09	-0.0006318817	7.6293943e-10	-0.0011865237	0.49431247	-0.027413368	0.07508561	-0.002249658	6.7551756	0.05278921	21.0	0.19622451	0.014177854	4050000	324221.6886725426
135	0.54108524	0.49830917	1.0	0.0	0.45891473	0.49830917	1.0	0.0	15.497158	124196.0	0.03044019607843137	0.97167575	1.0922676	11.223976	-1.0725136	0.44401306	0.33077943	1.5498071	-0.36272758	-1.9330162e-09	-0.00035725816	-1.5258789e-09	-0.00077969796	0.532242	-0.031020463	0.07978814	-0.0018142015	6.807965	0.049348354	7.0	0.22249061	0.014640202	4080000	326623.6333117485
136	0.5364204	0.49867177	1.0	0.0	0.4635796	0.49867177	1.0	0.0	15.601457	125087.0	0.03043479318734793	1.0009451	1.1179651	9.651986	-1.055018	0.44269085	0.32616478	1.5910937	-0.3939226	-9.98741e-10	-0.00094653526	-2.5431315e-10	-0.0015424945	0.56570107	-0.05395037	0.07561598	-0.0014188364	6.857313	0.056443214	31.0	0.20773603	0.013245606	4110000	329025.7043118477
137	0.5414508	0.49827886	1.0	0.0	0.45854923	0.49827886	1.0	0.0	15.541969	125972.0	0.030428019323671496	0.9989761	1.0692219	9.946331	-1.4160728	0.44572285	0.33137903	1.6844329	-0.32419	-1.4139655e-09	-0.001031379	0.0	-0.0015726883	0.5058521	-0.047290176	0.07669061	0.0013062358	6.9137564	0.054259777	29.0	0.22630313	0.01335089	4140000	331426.9826467037
138	0.5353798	0.49874666	1.0	0.0	0.46462017	0.49874666	1.0	0.0	15.600937	126865.0	0.03042326139088729	0.9734279	1.0438	9.034981	-1.243734	0.3931136	0.3176719	1.4053779	-0.4141413	1.0347423e-09	-0.0012165039	6.3578287e-10	-0.0016215297	0.45374233	-0.029543668	0.08027575	-0.005194634	6.968016	0.06070423	67.0	0.24830505	0.012830886	4170000	333833.4289677143
139	0.5676672	0.49539998	1.0	0.0	0.4323328	0.49539998	1.0	0.0	15.794102	127686.0	0.030401428571428572	0.9895956	1.03467	10.562746	-1.0068096	0.42238924	0.31533	1.513667	-0.3564638	-4.894391e-09	-0.00090003404	-4.577637e-09	-0.0015433548	0.4192957	-0.022595376	0.07869243	-0.0014800653	7.0287204	0.054362297	23.0	0.23136121	0.011595941	4200000	336238.62470817566
140	0.535364	0.49874783	1.0	0.0	0.46463603	0.49874783	1.0	0.0	15.485803	128586.0	0.03039858156028369	0.9469924	0.98237646	9.837513	-1.2163574	0.4192927	0.330508	1.6886449	-0.34778953	2.6864268e-11	-0.0008833323	3.1789144e-10	-0.0014190769	0.45017174	-0.0259929	0.07754019	-0.0019814298	7.0830827	0.05611658	32.0	0.23241751	0.01495788	4230000	338640.6572432518
141	0.5313786	0.49901438	1.0	0.0	0.4686214	0.49901438	1.0	0.0	15.432098	129497.0	0.030398356807511736	0.93442094	1.0284625	10.277614	-1.2339307	0.44076556	0.33209568	1.5922966	-0.31851038	3.0375605e-10	-0.000845287	-5.086263e-10	-0.001508682	0.44264448	-0.024033159	0.08003975	-0.0015419945	7.1391993	0.051478386	15.0	0.2269513	0.015984893	4260000	341077.33827638626
142	0.5241273	0.49941754	1.0	0.0	0.4758727	0.49941754	1.0	0.0	15.398357	130424.0	0.0304018648018648	0.9255759	0.98836964	9.185301	-1.4785411	0.45241556	0.31885445	1.643809	-0.3686126	4.503698e-09	-0.0010104645	4.0690105e-09	-0.001347839	0.38599917	-0.030653328	0.078595914	-0.0006974265	7.1906776	0.06941652	79.0	0.24603996	0.011076669	4290000	343487.45266342163
143	0.52047694	0.4995805	1.0	0.0	0.47952306	0.4995805	1.0	0.0	15.548989	131349.0	0.03040486111111111	0.9120291	1.0015277	10.538552	-1.3562412	0.47600523	0.33301854	1.680914	-0.2595434	1.1542818e-09	-0.0006700723	2.9246012e-09	-0.0010596222	0.41170546	-0.033665597	0.07699017	-0.0031793788	7.260094	0.05367279	32.0	0.2317356	0.013466217	4320000	345887.8641972542
144	0.5606936	0.4963026	1.0	0.0	0.43930635	0.49630257	1.0	0.0	15.760378	132185.0	0.03038735632183908	0.964444	1.028627	9.569787	-1.6975952	0.44103828	0.3342188	1.8554882	-0.32444122	-6.9216277e-10	-0.00046399003	-5.086263e-10	-0.00077601505	0.4285406	-0.027460814	0.07463109	-0.0019039363	7.313767	0.049706936	11.0	0.23040408	0.013383997	4350000	348291.8413834572
145	0.5294118	0.49913418	1.0	0.0	0.47058824	0.49913418	1.0	0.0	15.47678	133097.0	0.03038744292237443	0.9549062	1.0241841	8.72678	-1.3586284	0.4400743	0.33142048	1.6225468	-0.34890854	-1.9278337e-10	-0.0007007729	-1.4623006e-09	-0.0012861856	0.38523814	-0.023475915	0.07560402	0.00092048943	7.363474	0.049531937	13.0	0.23827341	0.01949084	4380000	350695.7460925579
146	0.5512017	0.49737146	1.0	0.0	0.44879833	0.49737146	1.0	0.0	15.66719	133956.0	0.03037551020408163	1.0013099	1.0650078	8.062506	-1.8080889	0.47775945	0.3229796	1.5969033	-0.27969417	2.2940778e-09	-0.00062602037	1.7801921e-09	-0.001320758	0.39262757	-0.028737158	0.081019156	-0.0040269494	7.413006	0.048954964	8.0	0.22532357	0.02417739	4410000	353096.32836031914
147	0.5374359	0.49859664	1.0	0.0	0.4625641	0.49859664	1.0	0.0	15.382565	134858.0	0.030373423423423425	1.0038899	1.0781019	9.0444355	-1.3946209	0.44169727	0.31582057	1.8258913	-0.3463559	3.2679324e-09	-0.00066865084	3.4332275e-09	-0.0011894366	0.4468994	-0.023691058	0.078859	-0.0026207492	7.461961	0.048653126	7.0	0.21907033	0.013451377	4440000	355496.22202563286
148	0.52913874	0.4991502	1.0	0.0	0.47086126	0.4991502	1.0	0.0	15.467767	135771.0	0.030373825503355704	0.99196446	1.0806999	8.510291	-1.6321691	0.43803495	0.32512513	1.660443	-0.39450705	-3.134426e-10	-0.000981487	2.5431315e-10	-0.0013769723	0.452111	-0.031096846	0.07523561	-0.001676023	7.510614	0.052280903	27.0	0.21606685	0.014648106	4470000	357899.3293673992
149	0.54033095	0.49837077	1.0	0.0	0.45966908	0.4983707	1.0	0.0	15.505171	136660.0	0.03036888888888889	0.99000365	1.1060952	9.205209	-1.3367164	0.42747155	0.3245303	1.5700669	-0.84299713	5.33609e-10	-0.00045696078	-1.1444092e-09	-0.0009681907	0.4715207	-0.02532366	0.077038236	-0.0016260445	7.562895	0.050005913	15.0	0.21606624	0.014451686	4500000	360295.90037560463
