Epoch	AverageEpRet	StdEpRet	MaxEpRet	MinEpRet	AverageEpCost	StdEpCost	MaxEpCost	MinEpCost	EpLen	CumulativeCost	CostRate	AverageVVals	StdVVals	MaxVVals	MinVVals	AverageCostVVals	StdCostVVals	MaxCostVVals	MinCostVVals	LossPi	DeltaLossPi	SurrCost	DeltaSurrCost	LossV	DeltaLossV	LossVC	DeltaLossVC	Penalty	DeltaPenalty	StopIter	Entropy	KL	TotalEnvInteracts	Time
0	-1.361597	1.0215586	-0.3	-8.4	0.5247148	0.4993888	1.0	0.0	18.969582	138.0	0.0276	-0.30572128	0.4130854	0.82047576	-1.055206	0.40726718	0.19647664	0.8231986	-0.10657829	-9.796836e-10	-0.0029091237	4.768372e-10	-0.0057704914	1.2895266	-0.7484629	0.28738463	-0.14741434	10.0	2.0006924	3.0	1.085102	0.022313697	5000	475.2061142921448
1	-2.1073446	1.5939512	-0.3	-7.5	0.36158192	0.48045856	1.0	0.0	28.220339	202.0	0.0202	-0.82121766	0.6621776	1.5451672	-3.15759	0.20334737	0.23440434	1.0110381	-0.2481875	-8.8036434e-10	-0.0015411343	-1.8119812e-09	-0.004790105	1.0341578	-0.33594906	0.10659739	-0.013066195	12.000692	1.6521482	4.0	1.0862349	0.018595742	10000	956.5876929759979
2	-3.2772355	2.4633844	-0.3	-10.0	0.28455284	0.4512012	1.0	0.0	40.284554	237.0	0.0158	-1.039384	0.95005924	1.126901	-3.6569254	0.108982205	0.15926592	0.8109177	-0.20333621	1.154147e-09	-0.0009407335	5.9604643e-10	-0.0031802047	2.049417	-0.6149156	0.058936864	-0.009471897	13.652841	1.421546	6.0	1.0596052	0.016248459	15000	1438.6088049411774
3	-4.269697	2.5250046	-0.4	-10.0	0.25252524	0.43446088	1.0	0.0	50.474747	262.0	0.0131	-1.7655602	1.2551781	1.8435359	-4.893073	0.059048045	0.13109256	0.8241982	-0.24325722	2.1444677e-09	-0.001660322	1.7046928e-09	-0.0026916957	1.552382	-0.20895743	0.054127954	-0.0106917545	15.074387	1.3465881	10.0	1.0257363	0.013043769	20000	1914.1291716098785
4	-4.5043483	2.1930678	-0.9	-10.0	0.13043478	0.3367812	1.0	0.0	54.25	274.0	0.01096	-2.098697	1.4700541	2.040432	-5.8750105	0.064787805	0.11682606	0.7677816	-0.18940274	-2.830776e-10	-0.0014228985	-1.6093255e-10	-0.0009448377	1.1838415	-0.1595155	0.030590644	-0.005302055	16.420975	0.87147903	17.0	0.9699996	0.013259407	25000	2392.885138988495
5	-3.8553402	1.6348585	-1.0	-10.0	0.08737864	0.28238913	1.0	0.0	48.37864	283.0	0.009433333333333334	-2.0006936	1.5445476	2.2133226	-5.932282	0.037998475	0.0885553	0.68140304	-0.15935606	6.359283e-10	-0.00080580375	4.4107437e-10	-0.00041336633	0.9598717	-0.3417185	0.0192441	-0.0044856416	17.292454	0.5696354	23.0	0.9179643	0.012731334	30000	2867.065539598465
6	-3.6186914	1.2223871	-1.0	-8.8	0.06542056	0.24726647	1.0	0.0	46.570095	290.0	0.008285714285714285	-1.6450572	1.429582	1.9998012	-5.5435085	0.029561713	0.09261844	0.99750817	-0.1290912	-1.3044135e-09	-0.0005827849	5.1259996e-10	-0.0003050859	0.52250636	-0.28757355	0.016974078	-0.0026877746	17.86209	0.43133545	13.0	0.8534055	0.013424622	35000	3346.815125465393
7	-3.467273	1.4884471	-0.5	-10.0	0.045454547	0.2082989	1.0	0.0	44.97273	295.0	0.007375	-1.3877132	1.2984486	1.2931072	-4.781702	0.021815948	0.07557026	0.74288404	-0.1546084	9.664112e-10	-0.00048650184	1.0192395e-09	-0.00028969505	0.5189294	-0.13174853	0.015171919	-0.004586016	18.293425	0.3084736	10.0	0.7888323	0.015197989	40000	3828.835406064987
8	-3.1058335	0.9870238	-0.8	-5.4	0.058333334	0.23437269	1.0	0.0	41.508335	302.0	0.006711111111111111	-1.297813	1.3143424	1.5777484	-4.7308135	0.01477686	0.045324676	0.34941357	-0.124639094	6.154727e-10	-0.0005598931	2.384186e-10	-0.00042591017	0.23809677	-0.13242958	0.020147536	-0.0026033614	18.601898	0.37894058	10.0	0.73721564	0.0135575505	45000	4310.260530948639
9	-3.192373	1.4726982	-1.0	-10.0	0.033898305	0.18096747	1.0	0.0	42.271187	306.0	0.00612	-1.2326337	1.2107198	1.0712614	-3.8572874	0.04104248	0.07163218	0.55080163	-0.16477108	-1.2447324e-09	-0.00050924823	-1.0490417e-09	-0.00026095577	0.55505455	-0.22015464	0.011371129	-0.002280931	18.980839	0.2582264	12.0	0.6622163	0.013387109	50000	4785.698078632355
10	-2.944	1.1385884	-0.6	-5.8	0.064	0.24475291	1.0	0.0	39.912	314.0	0.005709090909090909	-1.2347795	1.3163279	1.162702	-5.9371853	0.013163327	0.041315477	0.5015035	-0.08811504	1.4465554e-09	-0.0003551281	1.4424324e-09	-0.00087537913	0.20557158	-0.12210663	0.03677916	-0.010497125	19.239065	0.44689178	9.0	0.6126173	0.013850155	55000	5262.083251714706
11	-3.0553718	1.1943358	-1.0	-10.0	0.03305785	0.1787877	1.0	0.0	41.190083	318.0	0.0053	-0.9957621	1.1577134	1.0893669	-3.9106734	0.037528895	0.08037754	0.5741851	-0.09247586	1.00891885e-10	-0.0006725034	-5.722046e-10	-0.0003019554	0.24274252	-0.06262514	0.015939545	-0.004120512	19.685957	0.28464508	79.0	0.5629995	0.011828432	60000	5740.250380754471
12	-3.3212395	1.2797575	-0.8	-10.0	0.017699115	0.13185544	1.0	0.0	43.920353	320.0	0.004923076923076923	-1.2741137	1.2610111	1.1576086	-4.2675033	0.029920558	0.061498843	0.44761553	-0.07918937	-3.8658557e-10	-0.00035963696	2.3841857e-11	-0.00013196401	0.31995314	-0.083900794	0.0114996685	-0.001433095	19.970602	0.10753822	79.0	0.49022168	0.006047448	65000	6224.85792350769
13	-3.012295	1.1552857	-0.8	-10.0	0.032786883	0.17807835	1.0	0.0	40.85246	324.0	0.004628571428571429	-1.1348454	1.2786713	1.87274	-4.323042	0.020855758	0.06941329	0.62789035	-0.31113228	-9.511911e-10	-0.00052233867	-8.9406965e-10	-0.00033620727	0.29092494	-0.06925921	0.017770914	-0.0023771916	20.07814	0.20417213	79.0	0.46217188	0.005863762	70000	6706.843277692795
14	-3.0677688	1.2877821	-0.4	-10.0	0.03305785	0.17878768	1.0	0.0	41.132233	328.0	0.004373333333333333	-1.1876922	1.2671491	1.16427	-4.2031555	0.037780166	0.0771343	0.79936975	-0.11040536	-2.086616e-09	-0.0011463934	-2.7537346e-09	-0.0013800494	0.48233604	-0.10517573	0.01403916	-0.0030649016	20.282312	0.26739883	47.0	0.446021	0.012251584	75000	7191.667725324631
15	-3.2799997	1.517389	-1.2	-10.0	0.026086956	0.15939392	1.0	0.0	43.226086	331.0	0.0041375	-1.3973807	1.5233308	1.5645708	-8.036887	0.048921775	0.12529752	0.8708596	-0.103947096	2.3113016e-10	-0.0006683739	2.5629998e-10	-0.00061723543	0.6390893	-0.12219626	0.012651266	-0.002522028	20.549711	0.20948601	52.0	0.4401332	0.012221327	80000	7672.84320473671
16	-3.200854	1.7091255	-0.9	-10.0	0.034188036	0.1817119	1.0	0.0	42.444443	335.0	0.003941176470588235	-1.3817968	1.5095985	1.3083564	-7.1878037	0.07657079	0.12212394	0.8644087	-0.061397947	3.3073796e-10	-0.0005331258	8.940697e-11	-0.0006851705	0.75473684	-0.17008245	0.019226763	-0.0027472172	20.759197	0.28604317	79.0	0.42251593	0.006210717	85000	8153.418877363205
17	-2.997561	1.4979371	-0.9	-10.0	0.008130081	0.08979969	1.0	0.0	40.617886	336.0	0.0037333333333333333	-1.3383815	1.7464049	2.9217412	-7.764856	0.042456098	0.10950128	0.6403822	-0.30743304	4.6985893e-10	-0.0002499787	2.384186e-10	-0.0003846809	0.6127471	-0.20165205	0.00935759	-0.003557749	21.04524	0.050275803	6.0	0.4084142	0.01590594	90000	8636.760041475296
18	-2.9918702	1.4165453	-0.9	-10.0	0.040650405	0.19747898	1.0	0.0	40.560974	341.0	0.0035894736842105265	-1.2310667	1.4389974	2.9431708	-7.0127344	0.029304307	0.06809366	0.46792388	-0.15215676	1.2844503e-09	-0.00034128988	9.655953e-10	-0.000783758	0.45076913	-0.15118393	0.024769144	-0.0052572004	21.095516	0.3201313	5.0	0.45551714	0.021599477	95000	9120.813075780869
19	-2.964516	1.5129651	-0.9	-10.0	0.032258064	0.17668472	1.0	0.0	40.024193	345.0	0.00345	-1.2449783	1.4201812	1.1907388	-5.649234	0.053224158	0.11917017	0.5686044	-0.12811306	1.8883065e-10	-0.00065382285	-3.2782554e-10	-0.0007014036	0.5270003	-0.13843307	0.019284498	-0.005177198	21.415648	0.33734322	21.0	0.48476416	0.013436416	100000	9604.999750375748
20	-2.786154	0.99101764	-0.9	-5.6	0.046153847	0.20981817	1.0	0.0	38.43846	351.0	0.0033428571428571426	-1.0446812	1.2490253	2.5304458	-5.574292	0.018615417	0.05422392	0.5432941	-0.08827117	9.903695e-11	-0.00086390943	-3.874302e-10	-0.0017868817	0.14909525	-0.07666058	0.020403266	-0.0018002447	21.75299	0.48225784	5.0	0.43471095	0.025731219	105000	10086.404951095581
21	-2.8488188	1.0904645	-0.9	-6.0	0.03937008	0.19447388	1.0	0.0	39.31496	356.0	0.003236363636363636	-0.9299035	1.1385493	1.9408842	-3.7182302	0.026522318	0.059809107	0.41295543	-0.17044723	-5.125709e-10	-0.00070543226	4.7683715e-11	-0.0010805372	0.099328615	-0.017586157	0.023393359	-0.0047188792	22.235249	0.4639778	6.0	0.40053642	0.020488514	110000	10567.813145637512
22	-2.5794117	1.1357893	-0.9	-10.0	0.029411765	0.16895771	1.0	0.0	36.47059	360.0	0.003130434782608696	-0.99600506	1.2043729	1.0098667	-4.529378	0.030133203	0.06918686	0.5960131	-0.1638759	4.797492e-10	-0.00023364511	6.437302e-10	-0.0007465352	0.2367351	-0.08380704	0.015106684	-0.003091786	22.699226	0.3365116	10.0	0.3676898	0.015829401	115000	11046.134989500046
23	-2.756589	1.0684949	-0.9	-5.9	0.031007752	0.1733386	1.0	0.0	38.310078	364.0	0.003033333333333333	-0.9399454	1.2105095	1.0756242	-4.828132	0.02060599	0.053456597	0.54696715	-0.2630928	-1.5148434e-09	-0.0004052054	-1.1086464e-09	-0.000293373	0.13795029	-0.041767567	0.020156762	-0.006275298	23.035738	0.32668304	79.0	0.31371704	0.0051295077	120000	11523.921887397766
24	-2.655639	1.1749525	-0.8	-7.3	0.015037594	0.121702366	1.0	0.0	37.390976	366.0	0.002928	-0.98801094	1.1907887	1.1834698	-3.8490121	0.033202242	0.1120728	0.8660635	-0.10498603	5.2111526e-10	-0.00089947786	1.3113022e-10	-0.0009607327	0.16873594	-0.071635626	0.014998401	-0.0060780896	23.362421	0.13879204	50.0	0.318076	0.012790483	125000	11999.146825313568
25	-2.9352002	1.3838645	-0.8	-10.0	0.024	0.15304902	1.0	0.0	39.912	369.0	0.0028384615384615384	-1.0535891	1.2441893	0.96338135	-5.5273986	0.012655012	0.047822196	0.38151714	-0.08735389	-7.5535966e-10	-0.00062913174	1.1920929e-11	-0.0008237045	0.23560107	-0.06062059	0.01224313	-0.0026950957	23.501213	0.21025467	79.0	0.35319033	0.010600828	130000	12478.594899177551
26	-2.8	1.8477844	-0.8	-10.0	0.03076923	0.17269188	1.0	0.0	38.32308	373.0	0.002762962962962963	-1.1781265	1.5871651	1.1246386	-7.2057776	0.037374586	0.101834275	0.73011243	-0.18913762	2.595431e-10	-0.00082184316	3.7103892e-10	-0.0008597286	1.0087925	-0.4454428	0.01436919	-0.001470169	23.711468	0.34109688	20.0	0.38731596	0.014084445	135000	12957.747631072998
27	-3.2161016	1.9115602	-1.0	-10.0	0.059322033	0.23622642	1.0	0.0	42.135593	380.0	0.0027142857142857142	-1.8390305	2.313446	2.1713789	-8.925542	0.05313329	0.08283904	0.6622452	-0.12498896	-1.3063812e-09	-0.0007011383	-1.2338162e-09	-0.001181391	0.77080196	-0.31829616	0.03428532	-0.009122815	24.052565	0.77910423	4.0	0.39114386	0.02450914	140000	13442.974501132965
28	-3.1	1.7092884	-1.0	-10.0	0.008333334	0.090905935	1.0	0.0	41.541668	381.0	0.002627586206896552	-1.3390431	1.7971796	2.7895873	-8.080898	0.0542434	0.1160629	0.6412528	-0.16240302	9.899445e-10	-0.0004197478	8.761883e-10	-0.00040109365	0.6552329	-0.17690438	0.009123144	-0.0057847854	24.831669	0.1771717	79.0	0.39603955	0.0047788755	145000	13923.099899053574
29	-3.0219514	1.880561	-1.0	-10.0	0.024390243	0.15425743	1.0	0.0	40.414635	384.0	0.00256	-1.4307277	1.8721341	1.1929557	-9.139143	0.03902108	0.12913129	0.6959013	-0.11115122	-1.4083285e-09	-0.00061477587	-1.5676022e-09	-0.0007712969	0.76426005	-0.34352988	0.01652319	-0.006979025	25.00884	0.21210098	40.0	0.4089019	0.012253613	150000	14405.891461133957
30	-3.24359	2.1090925	-0.9	-10.0	0.008547009	0.09205412	1.0	0.0	42.68376	385.0	0.0024838709677419356	-1.8295254	2.1654696	1.2063717	-9.128027	0.065032184	0.12815286	0.7204514	-0.10038738	-1.0263833e-09	-0.0007060436	4.529953e-10	-0.0006761264	1.5498198	-0.8295926	0.01192751	-0.0061257686	25.220942	0.037158966	60.0	0.43299326	0.012389486	155000	14885.031435728073
31	-2.9415998	1.5504419	-1.0	-10.0	0.032	0.17600001	1.0	0.0	39.888	389.0	0.00243125	-1.4978338	2.0865662	1.1757123	-9.89958	0.026703134	0.076148756	0.69039863	-0.10138108	-1.898511e-09	-0.00036115793	-2.1398068e-09	-0.0006140249	0.7655073	-0.3944251	0.02232478	-0.010547782	25.2581	0.3417759	6.0	0.4337728	0.019625926	160000	15359.64745259285
32	-3.0163934	1.6303655	-1.0	-10.0	0.0	0.0	0.0	0.0	40.80328	389.0	0.0023575757575757575	-1.471074	2.167206	1.2611309	-10.19193	0.04961521	0.11248513	0.78630793	-0.15907063	1.6119271e-09	-0.0004973206	1.1086464e-09	-0.0005527965	0.4400618	-0.18049598	0.007916589	-0.006620206	25.599876	-0.06269264	57.0	0.40631998	0.012283573	165000	15837.774582386017
33	-2.9088	1.2887212	-0.9	-10.0	0.024	0.15304902	1.0	0.0	39.736	392.0	0.0023058823529411763	-1.2148584	1.5610943	3.3539574	-8.110953	0.014694739	0.0494763	0.4270287	-0.23537475	-1.719658e-09	-0.000614002	-1.6450882e-09	-0.0008401202	0.5409712	-0.19358727	0.015352994	-0.0025803223	25.537184	0.18990898	44.0	0.4237492	0.01392723	170000	16318.320484638214
34	-2.9596777	1.5923163	-1.0	-10.0	0.008064516	0.08943981	1.0	0.0	40.153225	393.0	0.0022457142857142858	-1.544638	2.3180056	1.1661519	-11.13391	0.0258151	0.06893894	0.74633	-0.1692432	1.1390021e-09	-0.00035189532	2.3245811e-10	-0.0002294246	0.9643377	-0.44930947	0.0046929354	-0.0020937494	25.727093	0.03276062	21.0	0.46662495	0.014180435	175000	16792.90930199623
35	-2.7976744	1.28627	-0.8	-10.0	0.031007752	0.1733386	1.0	0.0	38.63566	397.0	0.0022055555555555557	-1.278145	1.8983784	2.6895933	-10.888004	0.017721014	0.049729977	0.4986721	-0.070912845	1.0080048e-09	-0.00022507855	9.804965e-10	-0.00049494277	0.32114115	-0.1862309	0.021263361	-0.0032498874	25.759853	0.3599968	7.0	0.45883632	0.015130328	180000	17270.019731998444
36	-2.9031749	1.2387229	-1.0	-10.0	0.031746034	0.17532319	1.0	0.0	39.595238	401.0	0.0021675675675675676	-1.0639089	1.3707035	1.2260915	-7.1876516	0.027415736	0.073054634	0.5974752	-0.22294754	-8.750186e-10	-0.0004691575	-9.596348e-10	-0.0006500249	0.4061308	-0.13068733	0.013970029	-0.0021638768	26.11985	0.49633598	8.0	0.45381913	0.019010581	185000	17752.962108373642
37	-2.766923	1.4588925	-0.9	-10.0	0.0	0.0	0.0	0.0	38.415386	401.0	0.0021105263157894737	-1.4045693	2.156466	2.4679012	-11.275687	0.022516795	0.073877946	0.45795682	-0.14641866	-5.3767146e-10	-0.0005883551	-5.722046e-10	-0.0005370424	0.54507774	-0.25476012	0.0031150691	-0.0024844275	26.616186	-0.07404137	79.0	0.42820898	0.0098369215	190000	18232.757560014725
38	-2.8570313	1.6200252	-0.8	-10.0	0.03125	0.17399263	1.0	0.0	38.96875	405.0	0.002076923076923077	-1.3734053	2.106464	1.1451449	-13.085367	0.019498855	0.04454894	0.24100693	-0.08599286	1.1765426e-09	-0.0006849038	9.2983243e-10	-0.0006981126	0.5821436	-0.19948068	0.019104443	-0.003471991	26.542145	0.34851837	48.0	0.44251084	0.013106181	195000	18713.54585814476
39	-3.0057378	1.5501083	-0.9	-10.0	0.016393442	0.12698306	1.0	0.0	40.606556	407.0	0.002035	-1.3128034	1.8224806	1.0697541	-9.751985	0.029072806	0.0686473	0.5587778	-0.10751717	8.591709e-10	-0.0005453268	2.5629998e-10	-0.0005964407	0.62582594	-0.26143372	0.012265765	-0.0026438376	26.890663	0.23731422	24.0	0.46070597	0.012635959	200000	19192.715914011
40	-2.9007938	1.3813092	-0.9	-10.0	0.031746034	0.17532319	1.0	0.0	39.57143	411.0	0.0020048780487804878	-1.3335176	1.8948883	1.0855467	-11.244164	0.025964096	0.060591623	0.74232024	-0.076648526	-1.7923776e-10	-0.0009512812	-1.7881394e-10	-0.0009309356	0.39058942	-0.19362928	0.01697646	-0.0025225924	27.127977	0.4662361	79.0	0.41129023	0.009154503	205000	19675.86972784996
41	-2.8811023	1.5944161	-0.9	-10.0	0.023622047	0.15186852	1.0	0.0	39.29134	414.0	0.0019714285714285715	-1.1183815	1.4114516	1.1186388	-7.2906904	0.040107377	0.104900256	1.0596044	-0.1087079	-3.1940606e-10	-0.00033624633	-5.2452087e-10	-0.00042652478	0.4187119	-0.106223345	0.019168692	-0.0076050702	27.594213	0.40000725	5.0	0.44790885	0.0173247	210000	20155.874679088593
42	-2.7838461	1.3050673	-0.8	-10.0	0.03846154	0.19230768	1.0	0.0	38.415386	419.0	0.0019488372093023256	-1.2179117	1.7015358	1.1566873	-9.716265	0.026193446	0.06268874	0.5785227	-0.14558315	6.4290545e-10	-0.00046841093	6.556511e-10	-0.0007830377	0.38752806	-0.14176323	0.019650294	-0.0033087656	27.99422	0.6732559	19.0	0.39617604	0.012594345	215000	20636.772995233536
43	-2.6870232	1.1344297	-0.7	-8.5	0.022900764	0.14958717	1.0	0.0	37.70229	422.0	0.0019181818181818182	-0.9799009	1.2374736	1.5061365	-6.3739605	0.040533714	0.077072985	0.74577194	-0.087596476	-5.668561e-10	-0.00018920357	-9.059906e-10	-0.00046703458	0.13687019	-0.048098385	0.014712888	-0.003740944	28.667477	0.44432068	4.0	0.44597608	0.025056507	220000	21116.400539398193
44	-2.8669295	1.4652432	-1.0	-10.0	0.031496063	0.17465413	1.0	0.0	39.149605	426.0	0.0018933333333333332	-1.2462932	1.727214	1.6365007	-10.7334795	0.030250452	0.07282613	0.45088837	-0.13504317	2.1536362e-10	-0.00034412974	0.0	-0.0007712212	0.3841375	-0.1495049	0.016280578	-0.005282956	29.111797	0.5484562	6.0	0.45088032	0.028725494	225000	21594.61930322647
45	-2.9346774	1.3926677	-0.9	-10.0	0.024193548	0.15364967	1.0	0.0	40.169353	429.0	0.0018652173913043478	-1.1979269	1.6615051	1.7834524	-9.74347	0.028233532	0.082492545	0.7549021	-0.12520269	-1.6214047e-11	-0.00023742726	3.7550926e-10	-0.0006313094	0.5899167	-0.17628062	0.015236804	-0.0018138615	29.660254	0.45001984	3.0	0.4935467	0.026441809	230000	22074.098000764847
46	-2.9934957	1.0650196	-0.9	-6.5	0.040650405	0.197479	1.0	0.0	40.577236	434.0	0.0018468085106382978	-1.0322434	1.2608588	1.1740829	-4.912251	0.02566305	0.067233734	0.46243662	-0.121972196	4.2966217e-12	-0.0006920245	1.3113022e-10	-0.0008367839	0.115778565	-0.044945054	0.020869361	-0.0055645825	30.110273	0.7885151	23.0	0.5139731	0.013522168	235000	22556.191747426987
47	-2.6518798	1.2036037	-1.0	-10.0	0.007518797	0.0863844	1.0	0.0	37.353382	435.0	0.0018125	-0.94002306	1.1710073	1.3007035	-4.271019	0.03471399	0.12540168	1.1012976	-0.1362483	-3.8663208e-11	-0.0010050319	-4.917383e-11	-0.0011207174	0.24369161	-0.10432801	0.00814594	-0.0027484098	30.898788	0.14175224	16.0	0.5394311	0.015057059	240000	23034.235141277313
48	-2.7312977	1.1952249	-0.8	-10.0	0.030534351	0.17205234	1.0	0.0	37.9771	439.0	0.0017918367346938776	-1.1238152	1.5816739	1.7579355	-9.4851465	0.02206689	0.078244865	0.74248064	-0.14391921	-1.8916317e-09	-0.00028090633	-1.835823e-09	-0.0009287283	0.32276782	-0.15733613	0.015049781	-0.0035766438	31.04054	0.47343826	4.0	0.50697273	0.024189338	245000	23512.413507938385
49	-2.793023	1.1905433	-0.9	-9.8	0.031007752	0.1733386	1.0	0.0	38.589146	443.0	0.001772	-1.0218401	1.2818637	1.6098194	-7.070868	0.039123993	0.121970706	1.1207696	-0.30511427	-1.2339925e-09	-0.0003608478	-1.4305115e-09	-0.0008389426	0.21782047	-0.09518313	0.01401804	-0.003930185	31.513979	0.64694023	4.0	0.5328539	0.014657663	250000	23993.145529270172
50	-2.5962687	0.9865065	-0.9	-6.0	0.03731343	0.18952875	1.0	0.0	36.634327	448.0	0.0017568627450980391	-1.0577503	1.6489224	1.0802114	-11.841324	0.020915955	0.06923586	0.62789565	-0.21673399	-7.569892e-11	-0.00033727288	-1.9073486e-10	-0.0012857023	0.34723407	-0.21347907	0.018276067	-0.0018023401	32.16092	0.821064	3.0	0.5530883	0.02807648	255000	24471.66406941414
51	-2.7106059	1.0384471	-0.9	-7.2	0.045454547	0.20829889	1.0	0.0	37.772728	454.0	0.001746153846153846	-0.9632945	1.2604539	1.1309382	-10.491454	0.029206904	0.06522668	0.5461321	-0.27477127	2.550951e-10	-0.00033673164	3.784895e-10	-0.0011218298	0.22236201	-0.15549895	0.023839477	-0.004962258	32.981983	1.0838699	3.0	0.5144821	0.034202334	260000	24952.69312953949
52	-3.170588	2.1269124	-0.8	-10.0	0.008403362	0.09128388	1.0	0.0	41.87395	455.0	0.0017169811320754717	-1.3091775	1.6739551	1.2586677	-8.4570875	0.0723335	0.15769665	1.0928247	-0.22950485	2.2287835e-10	-0.0003732897	-7.152558e-11	-0.0006715997	1.6443406	-1.1024649	0.009559924	-0.005801372	34.065853	0.21746826	16.0	0.4565251	0.012448331	265000	25433.388737916946
53	-2.7713177	1.1723027	-1.0	-10.0	0.007751938	0.08770316	1.0	0.0	38.627907	456.0	0.0016888888888888889	-1.0757173	1.4430959	2.0054712	-6.8849254	0.020729002	0.07556423	0.68651944	-0.11549377	3.3532185e-10	-0.000306732	4.61936e-10	-0.0004904187	0.31883508	-0.17946286	0.007410164	-0.0014373129	34.28332	-0.06531906	8.0	0.48805165	0.01798324	270000	25911.180291891098
54	-2.9232	1.3849555	-0.9	-10.0	0.016	0.1254751	1.0	0.0	39.88	458.0	0.0016654545454545455	-1.1289963	1.3800597	1.1578246	-6.592161	0.011622071	0.04711953	0.34265804	-0.28407124	6.929604e-10	-0.00042273672	3.3974648e-10	-0.0005251305	0.4175436	-0.16875067	0.009154599	-0.002743483	34.218002	0.14456558	13.0	0.45777264	0.013054382	275000	26390.241373062134
55	-2.949194	1.7502763	-0.8	-10.0	0.008064516	0.08943981	1.0	0.0	39.95968	459.0	0.0016392857142857142	-1.4813658	2.1682227	1.3434931	-12.99362	0.040190473	0.09929277	0.7107488	-0.16696586	2.4443528e-10	-0.00038931696	-9.536743e-11	-0.00056568964	0.5574669	-0.17804697	0.005529179	-0.0014597313	34.362568	-0.005962372	31.0	0.4529331	0.013016357	280000	26842.792107582092
56	-2.8746033	1.2036937	-0.9	-10.0	0.007936508	0.08873286	1.0	0.0	39.57143	460.0	0.0016140350877192982	-1.3348086	1.9176731	1.0242538	-10.726557	0.0245458	0.07171153	0.9854391	-0.070902795	1.8115814e-10	-0.00029243407	-3.5762787e-10	-0.00037546348	0.5629595	-0.39442098	0.004626104	-0.0015540484	34.356606	-0.07178497	9.0	0.44082743	0.015593448	285000	27278.790625572205
57	-2.9637096	1.3418412	-0.8	-10.0	0.024193548	0.15364966	1.0	0.0	40.282257	463.0	0.0015965517241379311	-1.2505517	1.8661785	1.257556	-13.379729	0.014047725	0.062365405	0.7642036	-0.08775122	-3.498103e-10	-0.00011893626	-3.0994415e-10	-0.00022209309	0.26301116	-0.11407919	0.013649002	-0.0029329034	34.28482	0.3895073	6.0	0.45768642	0.01770191	290000	27717.361222028732
58	-2.9495997	1.8352383	-0.8	-10.0	0.024	0.15304902	1.0	0.0	39.792	466.0	0.0015796610169491526	-1.629082	2.43821	1.2691212	-11.301953	0.04226855	0.10172295	1.0159174	-0.15577368	-4.661056e-10	-0.00045898304	-2.9802322e-10	-0.0006105523	0.73194367	-0.22123593	0.015747944	-0.0045567667	34.674328	0.5246849	26.0	0.47311035	0.012743391	295000	28152.032075166702
59	-2.8203125	1.4797255	-1.0	-10.0	0.015625	0.12401959	1.0	0.0	38.859375	468.0	0.00156	-1.3282104	1.933746	1.038393	-10.022311	0.030272668	0.082725026	0.8464381	-0.1733301	-4.8895626e-10	-0.00025821888	-4.6491622e-10	-0.00038180724	0.4718541	-0.20161298	0.0090561705	-0.002638475	35.199013	0.2866249	15.0	0.5033101	0.01487822	300000	28566.05319929123
60	-2.8117187	1.1483426	-0.9	-8.1	0.0390625	0.1937437	1.0	0.0	38.859375	473.0	0.0015508196721311476	-1.0453992	1.2439513	1.1555716	-7.15925	0.024622314	0.076728515	0.71023065	-0.28126335	1.1708087e-10	-0.0007284175	1.3113022e-10	-0.0008355624	0.24802402	-0.123466946	0.022072062	-0.007549232	35.485638	0.93226624	6.0	0.49237525	0.01986614	305000	28980.157682180405
61	-2.6223881	1.0932386	-0.7	-7.0	0.029850746	0.17017545	1.0	0.0	37.0597	477.0	0.0015387096774193549	-0.9430502	1.1582553	1.5210516	-3.7842524	0.020538604	0.07645579	0.53499526	-0.14297962	-2.0762478e-10	-0.00046188172	-3.33786e-10	-0.00089069887	0.08193689	-0.014251173	0.018470936	-0.002117619	36.417904	0.86439896	5.0	0.44698974	0.028395211	310000	29394.017224550247
62	-2.825781	1.6221247	-0.6	-10.0	0.015625	0.12401959	1.0	0.0	38.828125	479.0	0.0015206349206349206	-1.305602	2.0694573	1.0767006	-11.241208	0.05224418	0.12831496	0.62896353	-0.21104215	-3.9558223e-10	-0.00020340702	2.384186e-10	-0.00039786345	1.0014297	-0.5870721	0.010960257	-0.003379949	37.282303	0.35723877	26.0	0.37686148	0.014705094	315000	29807.683127880096
63	-2.76	1.321165	-0.8	-10.0	0.015384615	0.12307693	1.0	0.0	38.346153	481.0	0.001503125	-1.3487722	2.2057989	1.7060122	-11.234717	0.0295551	0.0758177	0.41230667	-0.10434816	2.8921612e-10	-0.00020874904	-4.7683715e-11	-0.00037287522	0.36136702	-0.11887418	0.008616509	-0.0017529926	37.63954	0.22731018	11.0	0.41001406	0.014721939	320000	30221.122845172882
64	-2.7984614	1.5041473	-0.9	-10.0	0.03846154	0.19230768	1.0	0.0	38.307693	486.0	0.0014953846153846154	-1.1426369	1.4786595	1.1795932	-10.570133	0.028960565	0.084039584	0.7765134	-0.078486785	1.6542903e-09	-0.0004035936	1.8239021e-09	-0.0006505972	0.4407607	-0.24125025	0.019311672	-0.0073570153	37.86685	0.9827843	6.0	0.43696064	0.017899252	325000	30634.255347013474
65	-3.0413222	1.5775107	-1.0	-10.0	0.016528925	0.12749794	1.0	0.0	40.95868	488.0	0.0014787878787878787	-1.3838573	1.9745612	1.3797754	-8.534968	0.044547856	0.114958055	0.71802783	-0.10453197	4.2812107e-10	-0.00031460702	4.6491622e-10	-0.00046749934	0.4814506	-0.20175898	0.012047209	-0.0043082233	38.849636	0.4835205	8.0	0.42949826	0.013714438	330000	31048.543473482132
66	-2.946774	1.4853822	-0.9	-10.0	0.024193548	0.15364966	1.0	0.0	40.112904	491.0	0.0014656716417910448	-1.0669967	1.4079475	1.2464863	-9.680436	0.027437167	0.075023495	0.591406	-0.07762008	2.6166963e-10	-0.00033238748	1.9073486e-10	-0.0005149702	0.39040372	-0.18926342	0.018794391	-0.007644709	39.333157	0.54950714	6.0	0.48109365	0.016496023	335000	31462.253529310226
67	-2.841406	1.4515362	-1.0	-10.0	0.0234375	0.1512884	1.0	0.0	38.984375	494.0	0.0014529411764705883	-1.1865556	1.4855137	1.4475796	-6.595854	0.030060537	0.09102259	0.8270499	-0.19881402	2.1560162e-10	-0.0001260402	-3.4570694e-10	-0.00017846788	0.52226263	-0.26686123	0.010068427	-0.0040239994	39.882664	0.6049843	7.0	0.47379366	0.01682818	340000	31875.062842845917
68	-3.012195	1.573334	-1.0	-10.0	0.024390243	0.15425743	1.0	0.0	40.585365	497.0	0.0014405797101449274	-1.3369267	1.814863	1.1546199	-9.459111	0.035159115	0.10634972	0.9661297	-0.100013606	1.3867905e-10	-0.0002315381	-1.3113022e-10	-0.00034477402	0.5058011	-0.09999573	0.012140249	-0.0029015997	40.487648	0.6439171	5.0	0.4573319	0.017011153	345000	32288.977229595184
69	-2.6574628	1.433677	-0.8	-10.0	0.014925373	0.121254295	1.0	0.0	37.24627	499.0	0.0014257142857142858	-1.3963248	2.124238	1.065123	-10.698883	0.033219527	0.08071327	0.70736545	-0.14485225	-2.0826258e-09	-0.0004355455	-1.8596649e-09	-0.00058813224	0.7814398	-0.61911774	0.009829045	-0.0025306	41.131565	0.32470703	9.0	0.48917645	0.016080607	350000	32701.83158993721
70	-2.7900002	1.4786091	-0.9	-10.0	0.053846154	0.22571385	1.0	0.0	38.307693	506.0	0.0014253521126760564	-1.1283118	1.3675292	1.4315715	-7.0953083	0.018675381	0.07741107	0.8294762	-0.14333346	-4.3681886e-10	-0.0005427758	-6.198883e-10	-0.0010347811	0.4478398	-0.14573634	0.027957683	-0.008292388	41.456272	1.6484871	4.0	0.47728485	0.031144068	355000	33115.43358206749
71	-2.7480621	1.4610765	-1.0	-10.0	0.031007752	0.1733386	1.0	0.0	38.054264	510.0	0.0014166666666666668	-1.2362314	1.8830291	1.2315171	-10.287608	0.056230053	0.14528754	0.99973434	-0.13852753	1.6147595e-09	-7.495222e-05	1.6212464e-09	-0.0003756919	0.56034464	-0.2996573	0.018779932	-0.010255008	43.10476	1.2219162	4.0	0.44830596	0.021188822	360000	33531.27456998825
72	-3.0859504	1.6021837	-0.8	-10.0	0.03305785	0.1787877	1.0	0.0	41.22314	514.0	0.0014082191780821918	-1.1787438	1.4211681	1.152102	-8.623869	0.055892125	0.15987226	1.0823503	-0.15176177	6.9164e-10	-0.00056982087	9.417533e-10	-0.00085999584	0.6344953	-0.31020117	0.02079166	-0.0060825264	44.326675	1.0855637	3.0	0.44085723	0.026029114	365000	33944.25947809219
73	-3.2913792	2.0003693	-1.1	-10.0	0.04310345	0.20308998	1.0	0.0	42.96552	519.0	0.0014027027027027027	-1.5646656	1.9167525	1.5566123	-8.815878	0.07799222	0.16552919	0.820874	-0.41215494	-1.0936351e-09	-9.4293e-06	-2.861023e-10	-0.0002083879	1.0361838	-0.4798721	0.026661268	-0.008188887	45.41224	1.4942627	3.0	0.44503072	0.020434808	370000	34355.72586655617
74	-3.5394492	2.02326	-1.2	-10.0	0.0091743115	0.09534224	1.0	0.0	45.587154	520.0	0.0013866666666666667	-1.7010647	2.0868156	1.4692868	-9.645619	0.035557695	0.113268755	0.60355115	-0.2961243	1.8991855e-10	-6.6062407e-06	2.2649765e-10	-0.00016776111	0.8319765	-0.27475834	0.00628959	-0.0038224394	46.9065	0.3253746	6.0	0.41844562	0.016141515	375000	34767.60125899315
75	-3.2094016	1.6943336	-1.1	-10.0	0.0	0.0	0.0	0.0	42.62393	520.0	0.0013684210526315789	-1.3452598	1.7549787	1.5125928	-9.02676	0.011298722	0.050367933	0.43248585	-0.19734746	2.6167216e-10	-0.00021259111	-1.0430813e-10	-0.00019444992	0.59084034	-0.27907658	0.002695484	-0.002159452	47.231876	-0.3938713	13.0	0.41537422	0.014079318	380000	35179.68557667732
76	-3.1235292	1.590344	-1.0	-10.0	0.0	0.0	0.0	0.0	41.865547	520.0	0.0013506493506493507	-1.578707	2.1259785	1.6807761	-9.455042	0.006673037	0.052351475	0.4574656	-0.24254672	5.1281e-10	-5.1324867e-05	1.6540289e-10	-7.134726e-05	0.7341301	-0.3009498	0.0011887994	-0.0006500684	46.838005	-0.5095062	12.0	0.3947255	0.012025405	385000	35617.6726808548
77	-2.9852462	1.4661576	-1.1	-10.0	0.0	0.0	0.0	0.0	40.581966	520.0	0.0013333333333333333	-1.4736294	2.152165	1.2072085	-10.597948	0.0057951105	0.037852347	0.4114222	-0.1781933	1.1389372e-10	-0.00011145503	1.6987324e-10	-2.8453727e-05	0.23859751	-0.0991292	0.00045286876	-9.8999764e-05	46.3285	-0.52578354	79.0	0.40604037	0.0040204334	390000	36060.16336274147
78	-3.055372	1.5599295	-1.0	-10.0	0.008264462	0.09053265	1.0	0.0	41.190083	521.0	0.0013189873417721518	-1.5869383	2.3756533	2.267107	-10.564132	0.005347111	0.02449963	0.2270793	-0.23097488	1.9345434e-10	-0.00015439674	8.940697e-11	-0.00022322961	0.3488068	-0.103772596	0.0065383576	-0.0012957412	45.802715	-0.18958664	14.0	0.37900138	0.013127157	395000	36497.226830244064
79	-3.0319672	1.3753251	-0.9	-10.0	0.032786883	0.17807835	1.0	0.0	40.86885	525.0	0.0013125	-1.2779684	1.7549398	1.3000772	-9.92838	0.021585772	0.07838185	0.949391	-0.07692264	1.9161692e-10	-0.000772911	5.364418e-11	-0.0010796351	0.2623123	-0.12914415	0.016472332	-0.005984837	45.61313	0.94706726	70.0	0.3692647	0.012215937	400000	36910.79021477699
80	-2.9910572	1.6904807	-1.0	-10.0	0.0	0.0	0.0	0.0	40.463413	525.0	0.0012962962962962963	-1.4844147	2.1274886	1.131283	-10.843622	0.051138964	0.1375481	0.91104245	-0.059861567	3.205921e-10	-0.00015490719	4.053116e-10	-0.0002682207	0.6199357	-0.16401777	0.005803521	-0.004533701	46.560196	-0.15520096	8.0	0.3930639	0.019223055	405000	37322.73915338516
81	-3.1872885	1.8938144	-1.1	-10.0	0.008474576	0.09166656	1.0	0.0	42.31356	526.0	0.0012829268292682927	-1.3641117	1.9975619	1.4963125	-9.702893	0.028446304	0.09529105	0.6329175	-0.16608419	-2.379892e-10	-9.616116e-05	1.7881394e-11	-0.0001539771	0.7661278	-0.41790017	0.008059175	-0.0019759824	46.404995	-0.18359756	8.0	0.37717518	0.014007157	410000	37735.38947534561
82	-3.2162395	1.4847348	-1.2	-10.0	0.017094018	0.12962179	1.0	0.0	42.692307	528.0	0.001272289156626506	-1.4894881	1.9479504	1.4260795	-10.051819	0.02311802	0.07178088	0.47620437	-0.07559725	-2.6030988e-11	-0.00056612084	4.7683715e-11	-0.00090325763	0.39631313	-0.13680989	0.009194437	-0.002503628	46.221397	0.2966156	13.0	0.32874614	0.018792218	415000	38148.21958351135
83	-3.1394956	1.6759404	-1.2	-10.0	0.008403362	0.09128388	1.0	0.0	41.932774	529.0	0.0012595238095238096	-1.1987463	1.4731973	1.4931527	-8.318858	0.023006974	0.08585276	0.6605009	-0.1772802	9.793019e-10	-0.0002561934	8.0764295e-10	-0.00030789076	0.7370671	-0.3158754	0.008065512	-0.0026248754	46.518013	0.017486572	6.0	0.38071227	0.024854608	420000	38559.43838477135
84	-3.237931	1.5793197	-1.3	-10.0	0.0	0.0	0.0	0.0	43.0	529.0	0.0012447058823529412	-1.6363143	2.0300038	1.3200688	-10.244897	0.019209595	0.055030763	0.44315434	-0.11315406	6.7293865e-11	-3.1359374e-05	2.9802324e-11	-9.8663746e-05	0.7014663	-0.32308218	0.0015150952	-0.0011160792	46.5355	-0.48342514	4.0	0.36546957	0.017264215	425000	38973.35167551041
85	-3.3245614	1.9165741	-1.3	-10.0	0.01754386	0.13128623	1.0	0.0	43.473682	531.0	0.0012348837209302326	-1.7613344	2.2021937	1.1696638	-10.700093	0.010621144	0.052246485	0.5540255	-0.21185085	-1.14381e-09	-0.0005820508	-1.0609627e-09	-0.0007780227	0.9509462	-0.29239994	0.012177479	-0.0024741106	46.052074	0.22615814	36.0	0.3977147	0.012172268	430000	39386.214380025864
86	-3.0933335	1.6176491	-1.2	-10.0	0.008333334	0.090905935	1.0	0.0	41.475	532.0	0.0012229885057471264	-1.5606205	2.0520735	1.2182102	-10.187776	0.02205639	0.06176041	0.37758672	-0.10111385	-9.55845e-11	-0.0004285804	-8.940697e-11	-0.00059670827	0.6227535	-0.25721362	0.006517268	-0.0023031505	46.278233	0.024734497	52.0	0.37094033	0.0128193265	435000	39800.01881504059
87	-3.1403363	1.6939001	-1.3	-10.0	0.0	0.0	0.0	0.0	41.941177	532.0	0.001209090909090909	-1.640468	2.358869	2.6335013	-11.328686	0.010338742	0.05866049	0.52488047	-0.297175	2.4941554e-10	-0.000152124	1.847744e-10	-0.00026700328	1.0383699	-0.42943174	0.0012407335	-0.0008176605	46.302967	-0.5071335	77.0	0.40007666	0.012219687	440000	40215.32373571396
88	-3.1966102	1.8959337	-1.2	-10.0	0.0	0.0	0.0	0.0	42.31356	532.0	0.001195505617977528	-1.7458307	2.5557396	1.1999905	-11.589613	0.018807907	0.060921792	0.50316495	-0.04300153	-4.0952838e-10	-0.00015271846	-1.1026859e-10	-0.00012087684	0.9711432	-0.62941414	0.00068743946	-0.00026074518	45.795834	-0.6423569	79.0	0.42410117	0.0045937872	445000	40629.49105167389
89	-3.0327868	1.7916677	-1.2	-10.0	0.0	0.0	0.0	0.0	40.786884	532.0	0.0011822222222222223	-1.7240117	2.3754618	1.0817283	-10.5413065	0.009790486	0.035670474	0.39382067	-0.040684365	-1.6946382e-10	-8.115311e-05	-4.3511392e-10	-5.5731445e-05	1.1964031	-0.5675384	0.00044671627	-0.00024100319	45.153477	-0.6579399	79.0	0.43309444	0.0038022767	450000	41043.67538547516
90	-3.1838982	2.0464096	-1.2	-10.0	0.008474576	0.09166656	1.0	0.0	42.0	533.0	0.0011714285714285715	-2.3042371	3.1179497	1.3423375	-11.323274	0.009148767	0.053198304	0.2748455	-0.34627753	-8.525772e-10	-0.00017492534	-8.374453e-10	-0.00039518165	1.3057045	-0.45876932	0.005985032	-0.0012198547	44.495537	-0.22692108	6.0	0.4503362	0.0202214	455000	41463.62692093849
91	-3.2869568	1.9778566	-1.1	-10.0	0.0	0.0	0.0	0.0	43.2	533.0	0.0011586956521739131	-2.1906703	3.012381	1.1302854	-11.061247	0.009772741	0.046388533	0.2885909	-0.19771872	-1.1418242e-10	-0.00028389756	1.7881394e-11	-0.00023420161	1.9631568	-1.0385807	0.000751112	-0.00040035258	44.268616	-0.55887604	76.0	0.41618496	0.013797629	460000	41877.703687906265
92	-3.147059	2.0180206	-1.2	-10.0	0.0	0.0	0.0	0.0	41.73109	533.0	0.001146236559139785	-1.7482965	2.3358467	1.2082366	-10.744642	0.0017841095	0.025928788	0.13320862	-0.13180111	5.187571e-11	-0.00012963518	1.2069941e-10	-5.1309003e-06	1.32255	-0.5970942	0.0002859416	-0.00012563067	43.70974	-0.7016182	79.0	0.4605534	0.0074593886	465000	42288.68486738205
93	-3.5199997	2.3145313	-1.0	-10.0	0.0	0.0	0.0	0.0	45.1	533.0	0.0011340425531914894	-2.6901402	3.250674	1.1394717	-11.038326	0.0024832038	0.032411255	0.16837358	-0.122722365	-2.1870657e-10	-9.4545125e-05	-2.5331974e-11	-4.7456673e-05	1.4209195	-0.6459473	0.0002515785	-9.457854e-05	43.00812	-0.71147156	79.0	0.4215002	0.004276019	470000	42702.521741867065
94	-2.9577234	1.8301009	-1.1	-10.0	0.0	0.0	0.0	0.0	40.04065	533.0	0.0011221052631578948	-2.0261517	2.9900157	1.2895211	-11.113811	0.0008308695	0.011453803	0.19392894	-0.04578112	-8.286027e-11	-9.391966e-05	-9.834766e-11	-5.7883826e-05	0.7817028	-0.27759004	0.00010763331	-6.650062e-05	42.29665	-0.7224617	79.0	0.42174414	0.004323273	475000	43114.92833852768
95	-3.042623	1.8359755	-1.0	-10.0	0.0	0.0	0.0	0.0	40.885246	533.0	0.0011104166666666667	-1.7350258	2.52548	1.1455417	-10.868039	0.0023598876	0.013651032	0.09592895	-0.035501454	1.00324415e-10	-0.00012366613	4.7683715e-11	-2.4356375e-05	0.8919177	-0.33365285	5.685017e-05	-1.4793055e-05	41.57419	-0.7412262	79.0	0.46319267	0.0069349105	480000	43529.299906253815
96	-2.8551185	1.5817715	-0.9	-10.0	0.007874016	0.0883856	1.0	0.0	39.204723	534.0	0.0011010309278350516	-1.4809006	2.1695223	1.0513729	-10.941274	0.00053247507	0.016479332	0.25276515	-0.1424419	4.3701126e-10	-0.0001159162	7.092953e-10	-0.00015764275	0.79107344	-0.36451983	0.0066715875	-0.002225177	40.832962	-0.28899384	7.0	0.43928966	0.016812231	485000	43943.31291723251
97	-3.0213115	1.620829	-1.0	-10.0	0.016393442	0.12698306	1.0	0.0	40.762295	536.0	0.0010938775510204082	-1.6634718	2.3910959	1.9438682	-11.306495	0.016865136	0.06663746	0.9378668	-0.04870283	1.5434069e-10	-0.00032807537	3.039837e-10	-0.00067213725	1.1388823	-0.4570682	0.009947428	-0.0018030256	40.54397	0.3416748	12.0	0.40828642	0.01718491	490000	44357.63849234581
98	-2.8527553	1.5779897	-1.0	-10.0	0.0	0.0	0.0	0.0	39.181103	536.0	0.0010828282828282828	-1.5846002	2.6521459	1.2423072	-12.041632	0.009142275	0.046744656	0.18927698	-0.29823554	-1.5798712e-10	-0.00028565913	-1.4901162e-11	-0.00033008674	0.64136446	-0.24653491	0.0010464733	-0.00081015413	40.885643	-0.4962387	40.0	0.38604537	0.013040958	495000	44771.77204370499
99	-3.1008263	2.0235593	-1.0	-10.0	0.008264462	0.09053266	1.0	0.0	41.28099	537.0	0.001074	-1.8253758	2.6682549	1.6174083	-11.383547	0.0031427697	0.05655397	0.7425743	-0.2181414	-1.5541306e-10	-0.00030575236	-2.3245811e-10	-0.0003999162	1.3470948	-0.64245373	0.0047815847	-0.0025919157	40.389404	-0.27301788	40.0	0.46091947	0.012203565	500000	45185.64396095276
100	-2.852381	1.311531	-1.1	-10.0	0.0	0.0	0.0	0.0	39.349205	537.0	0.0010633663366336633	-1.4000545	2.0395799	1.3243628	-11.087536	0.0027936776	0.021366954	0.4588459	-0.0825044	7.086135e-11	-0.00027730118	4.172325e-11	-0.00018988042	0.5460245	-0.32678282	0.00041082897	-0.00034414444	40.116386	-0.66749954	79.0	0.4420457	0.007911919	505000	45599.68292140961
101	-2.5941176	1.235014	-1.0	-10.0	0.014705882	0.120372824	1.0	0.0	36.617645	539.0	0.0010568627450980392	-1.087684	1.6251092	1.4806503	-10.609859	0.00029216832	0.012748804	0.08533029	-0.07303877	-2.7116087e-10	-0.0005813667	-1.2814999e-10	-0.0011460467	0.30590883	-0.18831098	0.0070523866	-0.0022702739	39.448887	0.12184143	3.0	0.41830087	0.024269925	510000	46013.304619550705
102	-3.2452996	2.1070697	-1.1	-10.0	0.0	0.0	0.0	0.0	42.60684	539.0	0.0010466019417475728	-1.8481559	2.7598834	1.0293264	-11.307618	0.000105508996	0.064899236	0.4103647	-0.2995117	-9.064493e-10	-0.0001293471	-4.7385695e-10	-0.00022226977	1.5502611	-1.0529634	0.0018615919	-0.0014177	39.57073	-0.5666771	28.0	0.39167267	0.013376268	515000	46425.66128516197
103	-2.7223077	1.4210649	-1.0	-10.0	0.0	0.0	0.0	0.0	37.96923	539.0	0.0010365384615384616	-1.3552108	2.022093	1.2095255	-10.152204	-0.00045694684	0.029629232	0.2832476	-0.20350966	-4.888535e-11	-0.00013913152	-1.4305115e-10	-6.1164836e-05	1.0827806	-0.4948256	0.00028177683	-5.7795827e-05	39.00405	-0.850605	79.0	0.41226602	0.0056613116	520000	46839.24860072136
104	-2.8139534	1.6593052	-0.9	-10.0	0.007751938	0.08770316	1.0	0.0	38.713177	540.0	0.0010285714285714286	-1.5226494	2.2351701	1.107683	-10.764549	-0.0019380646	0.019109711	0.09491463	-0.21206984	3.6797815e-10	-0.00013467655	5.1259996e-10	-0.00012997308	0.93110955	-0.37956393	0.0066959197	-0.0016988609	38.153446	-0.34281158	9.0	0.4150071	0.0134487515	525000	47252.19415426254
105	-3.0235772	2.0343826	-1.0	-10.0	0.0	0.0	0.0	0.0	40.520325	540.0	0.001018867924528302	-1.7731922	2.6926115	2.776217	-11.106078	0.01061098	0.04056894	0.4307274	-0.09560485	-2.0794835e-10	-0.00013808683	-1.2516975e-10	-0.00024710724	0.9931601	-0.5132809	0.00060932466	-0.00047694473	37.810635	-0.7323532	9.0	0.39548182	0.015118829	530000	47665.68903183937
106	-3.1957629	1.8507622	-1.1	-10.0	0.008474576	0.09166656	1.0	0.0	42.305084	541.0	0.001011214953271028	-1.904459	2.6690621	1.0978153	-10.101796	0.0044598733	0.032141365	0.36679402	-0.11594176	1.14129525e-10	-0.00015359455	1.6093255e-10	-0.00036623556	1.0990797	-0.37671465	0.0059700613	-0.0017675529	37.07828	-0.3020363	3.0	0.3923288	0.022626737	535000	48082.10042929649
107	-3.3999999	2.2562401	-1.0	-10.0	0.0	0.0	0.0	0.0	44.02655	541.0	0.0010018518518518519	-1.9480406	2.498828	1.1962227	-10.789602	0.017388059	0.05249845	0.56244093	-0.12313062	4.542244e-10	-0.000306486	4.053116e-10	-0.00045451502	2.0796857	-1.1016296	0.0018463297	-0.0016570507	36.776245	-0.73833466	51.0	0.4170672	0.012401406	540000	48496.526927948
108	-3.1420164	1.8197558	-1.1	-10.0	0.0	0.0	0.0	0.0	41.865547	541.0	0.0009926605504587155	-1.9171633	2.6335702	1.303322	-10.809265	0.006787715	0.021075357	0.11342686	-0.028916508	6.784787e-11	-0.00015575998	-6.2584875e-11	-5.0144743e-05	1.1824309	-0.5637029	0.00011551589	-4.7639034e-05	36.03791	-0.934227	79.0	0.37872735	0.002869254	545000	48911.8315410614
109	-3.040164	1.7657794	-1.1	-10.0	0.0	0.0	0.0	0.0	40.95082	541.0	0.0009836363636363636	-1.5531349	2.0519435	1.5123724	-10.571534	0.002220429	0.019250885	0.19510317	-0.06507049	2.5019044e-11	-0.00018318907	5.2899123e-11	-2.609254e-05	0.90500623	-0.4398115	0.00010922121	-4.942332e-05	35.103683	-0.96294403	79.0	0.37339213	0.0050295084	550000	49324.62487745285
110	-3.1075003	2.0476882	-1.1	-10.0	0.0	0.0	0.0	0.0	41.341667	541.0	0.0009747747747747748	-1.9926156	2.7221963	1.1033679	-10.376701	0.0035806012	0.013589253	0.083838694	-0.032762952	1.01318634e-10	-0.00016754918	3.7252905e-12	-1.8195242e-05	1.6311871	-0.49048352	3.792967e-05	-1.29875625e-05	34.14074	-0.9778557	79.0	0.40472284	0.0036258805	555000	49737.71274113655
111	-3.0949578	1.8292145	-1.0	-10.0	0.0	0.0	0.0	0.0	41.39496	541.0	0.0009660714285714285	-2.1502154	2.898042	1.5276424	-11.421235	0.0018175037	0.008889892	0.09883067	-0.025419874	1.6525288e-10	-0.00016338147	2.6449561e-11	-3.2737e-06	1.2357457	-0.5296223	4.1062314e-05	-1.5498264e-05	33.162884	-0.9966469	79.0	0.39354643	0.0042599505	560000	50151.49415946007
112	-3.2641022	2.2750773	-1.0	-10.0	0.0	0.0	0.0	0.0	42.700855	541.0	0.0009575221238938053	-2.1288397	2.908717	1.1967859	-11.406636	0.002623249	0.012233597	0.08719164	-0.0341583	2.3029173e-10	-0.00016989351	-2.0489097e-11	-9.533354e-06	1.7154516	-0.87881917	4.0701398e-05	-9.6187505e-06	32.166237	-1.0108452	79.0	0.33817142	0.0030868822	565000	50567.675832509995
113	-2.8417323	1.4149061	-1.1	-10.0	0.0	0.0	0.0	0.0	39.157482	541.0	0.0009491228070175439	-1.3657607	1.9808756	1.1580881	-10.194592	-0.00033466044	0.0059891827	0.01486404	-0.053411834	-7.0049265e-11	-0.00014566345	1.3411045e-11	-9.632726e-07	0.6044792	-0.28430486	1.4365294e-05	-4.295229e-06	31.155392	-1.0240898	79.0	0.36070588	0.002349725	570000	50984.151975631714
114	-3.0768597	1.7835225	-1.1	-10.0	0.0	0.0	0.0	0.0	41.22314	541.0	0.0009408695652173913	-1.724632	2.4136603	1.1058706	-11.323854	0.0013001959	0.008501846	0.068663694	-0.022473592	-2.918613e-11	-0.00015945759	1.4156103e-11	-7.6153137e-06	1.0086532	-0.39184064	2.5189436e-05	-1.0214934e-05	30.131302	-1.0422134	79.0	0.35146686	0.0050067343	575000	51398.855897665024
115	-2.994309	1.801684	-1.0	-10.0	0.0	0.0	0.0	0.0	40.406506	541.0	0.0009327586206896552	-1.7590871	2.5600665	1.3188787	-10.959485	0.00063754036	0.005194372	0.03142448	-0.029028043	-5.346377e-10	-0.0001998571	5.9604643e-12	-4.8502193e-06	1.1872038	-0.4071477	1.1270903e-05	-2.9475605e-06	29.089088	-1.0658817	79.0	0.3440318	0.0035756622	580000	51815.22522306442
116	-2.8716533	1.7097174	-1.0	-10.0	0.007874016	0.0883856	1.0	0.0	39.19685	542.0	0.0009264957264957265	-1.7305355	2.5537095	1.2485734	-11.142187	-0.00021465309	0.0055067036	0.028256211	-0.03242971	3.7022726e-13	-0.00032573508	-5.066395e-11	-0.00038994272	1.1010247	-0.66731834	0.0063632834	-0.0017460799	28.023207	-0.40849304	6.0	0.36200085	0.017323745	585000	52228.009350299835
117	-2.8203125	1.3066751	-0.8	-10.0	0.0	0.0	0.0	0.0	39.03125	542.0	0.0009186440677966102	-1.3128953	2.0352023	1.5503182	-10.407688	0.009613871	0.028013323	0.41023132	-0.039065044	1.6068995e-10	-0.00024778157	2.5629998e-10	-8.031507e-05	0.96025866	-0.5431485	0.00081919937	-0.0007686738	27.614714	-0.9083519	79.0	0.34281534	0.0038179473	590000	52642.77355480194
118	-3.13	2.0092537	-1.0	-10.0	0.016666668	0.1280191	1.0	0.0	41.475	544.0	0.0009142857142857143	-1.7281617	2.3358974	1.2437239	-9.440321	0.011136906	0.045849014	0.3937207	-0.0324738	1.9898163e-09	-0.00043736375	1.0073185e-09	-0.0003223909	1.6315445	-0.7788143	0.009840503	-0.004886333	26.706362	0.30801964	79.0	0.28676572	0.0063270335	595000	53056.24394917488
119	-2.8195312	1.5801038	-0.9	-10.0	0.0078125	0.0880424	1.0	0.0	38.851562	545.0	0.0009083333333333334	-1.6249516	2.5296118	1.959623	-10.87909	0.008077149	0.03757926	0.2248307	-0.18643817	-3.0623065e-10	-0.00030724332	-5.364418e-10	-0.00048857724	1.082272	-0.41164654	0.003704076	-0.00051564304	27.014381	-0.033302307	5.0	0.30270967	0.022275388	600000	53470.13888025284
120	-3.0785127	1.9367778	-1.0	-10.0	0.0	0.0	0.0	0.0	41.14876	545.0	0.0009008264462809917	-1.995246	2.9436123	1.1997218	-11.548459	0.00039031592	0.043101523	0.6424383	-0.28061628	-6.493139e-10	-0.0005192432	-1.0430813e-10	-0.0005656577	1.1764997	-0.5621638	0.00074435584	-0.0005440881	26.98108	-0.93445015	54.0	0.32878047	0.012677693	605000	53883.29456996918
121	-3.2305086	2.2015984	-0.9	-10.0	0.0	0.0	0.0	0.0	42.372883	545.0	0.0008934426229508197	-2.3253114	3.218255	1.1964943	-12.013538	-0.0026980592	0.038424447	0.14337815	-0.26538685	6.277186e-11	-0.00043374358	4.3213367e-11	-0.0001885535	1.1068406	-0.5548926	0.00051248755	-0.00018569469	26.046629	-1.171875	69.0	0.34070805	0.012751072	610000	54295.16048693657
122	-2.8283465	1.3719862	-0.9	-10.0	0.007874016	0.0883856	1.0	0.0	39.110237	546.0	0.0008878048780487805	-1.7480117	2.5614064	1.1701498	-11.733614	0.0006051586	0.027932081	0.34769642	-0.12495935	-7.504817e-11	-0.0004892875	9.417533e-10	-0.00063211535	2.6678994	-2.2612023	0.006599803	-0.0019535557	24.874754	-0.4491005	76.0	0.33681327	0.012109949	615000	54710.42376565933
123	-3.076033	1.5800945	-1.2	-10.0	0.008264462	0.09053266	1.0	0.0	41.305786	547.0	0.000882258064516129	-1.3836634	1.8494227	3.1816795	-10.298194	0.01049489	0.04096363	0.62777895	-0.2044241	4.6303125e-10	-0.00037999038	5.4836274e-10	-0.00047320742	0.8588004	-0.2630133	0.007538057	-0.002867926	24.425653	-0.21629715	10.0	0.35489398	0.013154964	620000	55126.237001657486
124	-2.8833334	1.4106597	-1.0	-10.0	0.0	0.0	0.0	0.0	39.57143	547.0	0.0008752	-1.2792127	1.8058769	1.1380314	-9.413562	0.0040892516	0.037023164	0.38270554	-0.259909	7.4582734e-10	-0.0003004352	5.2452087e-10	-0.00018272738	0.5199608	-0.27676952	0.0013064229	-0.0011363025	24.209356	-0.989481	47.0	0.29922897	0.012478667	625000	55540.37079524994
125	-2.8299212	1.7263277	-1.0	-10.0	0.007874016	0.088385604	1.0	0.0	38.866142	548.0	0.0008698412698412699	-1.5375258	2.3116257	1.7401084	-11.70237	-0.00048353747	0.022638764	0.18731229	-0.14786081	-4.3338086e-10	-0.0004983195	-5.424023e-10	-0.00060777547	1.0924075	-0.39151996	0.006725091	-0.0022844342	23.219875	-0.46915627	25.0	0.3118277	0.013176388	630000	55953.20470046997
126	-2.8944447	1.6696784	-0.8	-10.0	0.015873017	0.12498426	1.0	0.0	39.420635	550.0	0.0008661417322834646	-1.4387715	1.9987669	1.2999685	-10.676253	0.012889557	0.042633828	0.76565564	-0.093024	3.13088e-10	-0.00080560317	5.364418e-10	-0.0011506783	1.0176612	-0.4270652	0.009413828	-0.0041165017	22.75072	0.5388851	65.0	0.29821396	0.01219132	635000	56367.37582111359
127	-3.031967	1.7563591	-0.9	-10.0	0.008196721	0.09016393	1.0	0.0	40.77869	551.0	0.0008609375	-1.570534	2.101059	1.8827981	-9.714212	0.01626043	0.08567673	1.0850351	-0.25698146	4.1864048e-10	-0.0002908547	4.529953e-10	-0.00047837844	1.1023781	-0.65729034	0.009279416	-0.006846944	23.289604	-0.013629913	5.0	0.2776127	0.015809521	640000	56780.708114385605
128	-2.8708663	1.5602902	-1.0	-10.0	0.007874016	0.088385604	1.0	0.0	39.27559	552.0	0.0008558139534883721	-1.3310887	1.8727877	2.9307883	-10.469866	0.001999019	0.017293502	0.1726973	-0.092845336	3.721731e-10	-0.00039441185	2.9802322e-10	-0.0005228286	0.67920977	-0.33661395	0.0067051933	-0.0016898843	23.275974	-0.25819588	17.0	0.25618362	0.013427919	645000	57195.26338815689
129	-2.6871214	1.0468861	-0.9	-10.0	0.0	0.0	0.0	0.0	37.78788	552.0	0.0008492307692307692	-1.028022	1.4705992	1.1887472	-8.684926	0.0026958603	0.018842751	0.25614536	-0.033770695	5.182135e-10	-0.00020127866	2.1755696e-10	-5.566989e-05	0.30081952	-0.13911024	0.00036393543	-0.00033504624	23.017778	-1.1100845	79.0	0.23854502	0.0043584923	650000	57610.57878756523
130	-2.796899	1.5946587	-1.0	-10.0	0.015503876	0.12354556	1.0	0.0	38.542637	554.0	0.0008458015267175572	-1.3512124	2.0944593	1.5868217	-10.476446	0.0011206277	0.023954127	0.5050183	-0.115177795	1.9905468e-09	-0.00041887196	1.0192395e-09	-0.0005337394	0.9543391	-0.40890038	0.01689093	-0.009528282	21.907694	0.27891922	16.0	0.23078077	0.016740331	655000	58024.83649969101
131	-2.7229009	1.6096354	-0.8	-10.0	0.0	0.0	0.0	0.0	37.89313	554.0	0.0008393939393939394	-1.293715	1.8488607	2.0203989	-10.500582	0.03312277	0.1270306	0.8601894	-0.045890853	3.2673994e-10	-0.00034385073	-6.2584875e-11	-0.00040683063	0.7327714	-0.4940177	0.0036490806	-0.0023483313	22.186613	-0.8956871	34.0	0.21619418	0.012209459	660000	58439.638724565506
132	-3.231624	2.0232263	-0.9	-10.0	0.0	0.0	0.0	0.0	42.564102	554.0	0.0008330827067669173	-1.898783	2.7373688	1.5067941	-12.210429	0.03219604	0.10591713	0.737676	-0.27712932	-1.5263832e-10	-0.0003332435	2.3841857e-11	-0.0003775985	1.5599518	-0.7054004	0.003468553	-0.0015548676	21.290926	-1.3612156	18.0	0.19024526	0.012883368	665000	58853.80507683754
133	-2.7244275	1.4343172	-0.9	-10.0	0.007633588	0.087036304	1.0	0.0	37.992367	555.0	0.0008283582089552239	-1.5022633	2.5171354	2.1862118	-12.457615	0.009446341	0.030552208	0.3111693	-0.03384125	1.2582485e-09	-0.00048779143	1.4901161e-10	-0.0005403248	0.48250479	-0.27722204	0.0052850586	-0.0028496282	19.92971	-0.55555534	79.0	0.20182401	0.007524593	670000	59264.289751291275
134	-2.8070312	1.6952223	-0.9	-10.0	0.0	0.0	0.0	0.0	38.640625	555.0	0.0008222222222222222	-1.5788503	2.5055058	1.4639382	-13.232644	0.024308294	0.08775477	0.5938665	-0.1634986	-3.1264283e-10	-0.0004272789	-4.887581e-10	-0.000349215	0.9431262	-0.5632603	0.002380735	-0.0016666679	19.374155	-1.1801872	35.0	0.2024797	0.012699441	675000	59663.466638326645
135	-3.4256635	2.3020878	-0.8	-10.0	0.017699115	0.13185544	1.0	0.0	44.18584	557.0	0.0008191176470588236	-2.6132562	3.408151	1.201501	-12.648555	0.03565252	0.093315616	0.8181648	-0.030827	3.9788808e-10	-0.0004954189	-8.34465e-11	-0.00060323864	1.3076111	-0.4354152	0.009279913	-0.0026620803	18.193968	0.5496006	45.0	0.23186119	0.0126594985	680000	60058.87466621399
136	-2.828125	1.7369126	-0.8	-10.0	0.0078125	0.0880424	1.0	0.0	38.851562	558.0	0.0008145985401459854	-1.6592702	2.4846056	1.1335132	-12.723492	0.028342139	0.1037185	0.96838605	-0.105849676	4.602643e-10	-0.00044465458	1.4901161e-10	-0.00031491445	0.77989465	-0.39533564	0.0059981844	-0.0016052271	18.743568	-0.035160065	79.0	0.25718576	0.006372932	685000	60435.47630429268
137	-2.8515625	1.698022	-0.8	-10.0	0.0078125	0.0880424	1.0	0.0	39.0	559.0	0.0008101449275362319	-1.4747553	2.2154233	1.3201278	-10.784058	0.01552092	0.08106163	0.8285762	-0.17600122	-1.9295089e-10	-0.00025059507	2.861023e-10	-0.0004632968	1.1328193	-0.6770973	0.0039950316	-0.0003575217	18.708408	-0.32009315	13.0	0.22208872	0.01746057	690000	60810.89365363121
138	-3.054918	1.8638539	-0.8	-10.0	0.016393442	0.12698306	1.0	0.0	40.918034	561.0	0.0008071942446043165	-1.7850333	2.492938	1.6716514	-10.460552	0.02034279	0.08331508	0.8075156	-0.24314609	3.7551878e-10	-0.00039431916	5.364418e-11	-0.0004063335	1.3466799	-0.658543	0.00996447	-0.0027468079	18.388315	0.67960167	12.0	0.26086926	0.013421001	695000	61188.58280086517
139	-2.9055552	1.5563136	-0.8	-10.0	0.015873017	0.124984264	1.0	0.0	39.61905	563.0	0.0008042857142857143	-1.5796825	2.4267647	3.8327556	-11.731323	0.027046707	0.09373282	1.0293711	-0.06190332	-4.3342152e-10	-0.00026815222	-2.861023e-10	-0.0005706579	0.99965626	-0.72721136	0.010856946	-0.0027781008	19.067917	0.91282845	6.0	0.23590659	0.015482605	700000	61564.91505622864
140	-3.2322032	2.308785	-0.8	-10.0	0.016949153	0.1290809	1.0	0.0	42.29661	565.0	0.000801418439716312	-2.092891	2.8436272	1.5426916	-13.979431	0.05348174	0.13413756	0.96753275	-0.15120041	1.7426095e-09	-0.0007228707	6.318092e-10	-0.0010880458	2.1599488	-0.8339354	0.012124566	-0.0053727613	19.980745	1.0477104	12.0	0.28411406	0.01338956	705000	61926.02408981323
141	-2.9576	1.8073301	-0.8	-10.0	0.008	0.08908424	1.0	0.0	39.96	566.0	0.0007971830985915493	-1.7764434	2.4538443	1.2785254	-10.224149	0.021799475	0.05025191	0.71085835	-0.045940533	2.7076502e-10	-0.00042465146	1.4305115e-10	-0.0006865946	1.261902	-0.38140255	0.005347602	-0.0017151593	21.028456	0.0044822693	18.0	0.28214025	0.013058804	710000	62270.053228616714
142	-2.6432836	1.4824066	-0.8	-10.0	0.02238806	0.14794199	1.0	0.0	37.02239	569.0	0.0007958041958041958	-1.4995276	2.36355	1.1808671	-14.259155	0.0055876174	0.020788621	0.2230278	-0.088214226	5.7980354e-10	-0.00020721808	2.2649765e-10	-0.00046212896	0.8902573	-0.54704237	0.015514608	-0.0072414037	21.032938	1.4754753	5.0	0.284396	0.012687387	715000	62613.317846775055
143	-2.970161	1.801298	-0.9	-10.0	0.016129032	0.12597178	1.0	0.0	40.080647	571.0	0.0007930555555555555	-1.7066745	2.5956345	1.4218882	-10.735879	0.034916442	0.11117442	1.2032819	-0.07608326	-3.851833e-10	-0.00040136202	-1.3113022e-10	-0.00087154185	0.9286412	-0.34540194	0.008895353	-0.0034047095	22.508413	1.2022171	3.0	0.30864093	0.027268255	720000	62957.92107415199
144	-3.1125	2.0502667	-0.8	-10.0	0.0	0.0	0.0	0.0	41.391666	571.0	0.0007875862068965517	-1.9128963	2.7110312	1.0667259	-10.643644	0.025310807	0.11912073	1.2261493	-0.25485882	8.721636e-10	-0.0008154894	8.2850454e-10	-0.0010253249	1.9331825	-1.267365	0.0075229025	-0.006367053	23.71063	-1.0410748	5.0	0.32824698	0.031658087	725000	63302.998101472855
145	-2.8889766	1.8554975	-0.7	-10.0	0.0	0.0	0.0	0.0	39.37008	571.0	0.0007821917808219178	-1.8621918	2.7560632	1.1345581	-10.825633	0.0041897763	0.023036089	0.15468994	-0.13538742	4.6191267e-10	1.8076232e-06	-7.301569e-11	-1.5534379e-05	1.402466	-0.55644554	0.00028165942	-0.00016478282	22.669556	-1.627533	8.0	0.32029927	0.018139943	730000	63646.87933778763
146	-2.9767997	1.9586989	-0.8	-10.0	0.024	0.15304902	1.0	0.0	39.888	574.0	0.000780952380952381	-2.0622694	2.9859421	1.1223015	-11.783516	0.0057280264	0.030195164	0.31560323	-0.116457686	-6.401216e-10	-0.00025500474	-4.529953e-10	-0.00048510352	1.6124469	-0.7806356	0.016330361	-0.0050116526	21.042023	1.41992	5.0	0.309699	0.017208476	735000	63990.66613864899
147	-2.8181105	1.4908338	-0.8	-10.0	0.007874016	0.088385604	1.0	0.0	38.92126	575.0	0.000777027027027027	-1.5470562	2.2951694	1.466722	-10.03548	0.025579516	0.08214433	1.0154135	-0.18261828	-1.0462278e-09	-0.0002900127	-1.0609627e-09	-0.00037918767	0.82707053	-0.5533277	0.008567428	-0.0023864843	22.461943	0.22330284	7.0	0.309156	0.017310722	740000	64334.80099153519
148	-3.0479343	1.8388417	-1.0	-10.0	0.0	0.0	0.0	0.0	40.933884	575.0	0.0007718120805369127	-1.780416	2.8568418	1.3657678	-14.775607	0.01844691	0.04018233	0.27649534	-0.21631412	1.1925404e-10	-0.00037529768	-1.4454127e-10	-0.0001492652	1.6527226	-1.1202118	0.00083234673	-0.00057310733	22.685246	-1.3937416	79.0	0.28111708	0.009054634	745000	64680.88665795326
149	-3.0130079	1.8168569	-0.8	-10.0	0.008130081	0.08979969	1.0	0.0	40.593494	576.0	0.000768	-1.9701498	2.8535304	1.1765814	-11.619889	0.010492006	0.038956426	0.37646723	-0.024954306	5.209333e-10	-0.00010425144	5.364418e-10	-0.00043398136	1.0534924	-0.5283828	0.0062128045	-0.0024311577	21.291504	-0.61686134	4.0	0.3144729	0.018384362	750000	65025.22459721565
