Epoch	AverageEpRet	StdEpRet	MaxEpRet	MinEpRet	AverageEpCost	StdEpCost	MaxEpCost	MinEpCost	EpLen	CumulativeCost	CostRate	AverageVVals	StdVVals	MaxVVals	MinVVals	AverageCostVVals	StdCostVVals	MaxCostVVals	MinCostVVals	LossPi	DeltaLossPi	SurrCost	DeltaSurrCost	LossV	DeltaLossV	Penalty	DeltaPenalty	StopIter	Entropy	KL	TotalEnvInteracts	Time
0	-1.3670412	1.070248	-0.3	-8.1	0.5730337	0.49463737	1.0	0.0	18.696629	153.0	0.0306	-0.27402073	0.41872135	0.80360883	-1.0634594	0.0	0.0	0.0	0.0	2.8133393e-09	-0.00591386	0.0	0.0	0.22097607	-0.08793627	100.0	0.0	3.0	1.0840744	0.015599954	5000	493.5729787349701
1	-2.0878453	1.75038	-0.3	-8.6	0.44198895	0.4966233	1.0	0.0	27.320442	233.0	0.0233	-0.23740435	0.25454065	0.22860542	-1.0339236	0.0	0.0	0.0	0.0	6.1035155e-09	-0.008768014	0.0	0.0	0.10944036	-0.017189503	100.0	0.0	5.0	1.0887371	0.014073828	10000	987.803786277771
2	-2.9626865	2.2860274	-0.3	-10.0	0.31343284	0.46388865	1.0	0.0	37.261192	275.0	0.018333333333333333	-0.14510955	0.1923937	0.09956273	-1.1629426	0.0	0.0	0.0	0.0	-3.528595e-09	-0.0052906056	0.0	0.0	0.06505372	-0.00966353	100.0	0.0	8.0	1.0698293	0.012026967	15000	1483.0745792388916
3	-4.061538	2.741957	-0.4	-10.0	0.25	0.4330127	1.0	0.0	47.91346	301.0	0.01505	-0.09971542	0.15104793	0.121242166	-0.78440946	0.0	0.0	0.0	0.0	-3.0517577e-09	-0.0081274025	0.0	0.0	0.03526263	-0.007988768	100.0	0.0	11.0	1.0414363	0.012650831	20000	1974.613492012024
4	-4.990588	2.909159	-0.4	-10.0	0.105882354	0.307687	1.0	0.0	58.317646	310.0	0.0124	-0.05633382	0.115797855	0.08151724	-1.0148752	0.0	0.0	0.0	0.0	1.6403199e-08	-0.00617446	0.0	0.0	0.020436047	-0.005698135	100.0	0.0	50.0	1.0028168	0.012543877	25000	2464.995010137558
5	-4.603333	2.0340135	-0.4	-10.0	0.1	0.29999998	1.0	0.0	55.444443	319.0	0.010633333333333333	-0.044034954	0.05693781	0.047305122	-0.56679666	0.0	0.0	0.0	0.0	1.3160705e-08	-0.007264829	0.0	0.0	0.020562364	-0.005351695	100.0	0.0	79.0	0.9797363	0.010970436	30000	2956.228852033615
6	-4.0525255	1.5864543	-0.5	-10.0	0.1010101	0.30134213	1.0	0.0	50.303032	329.0	0.0094	-0.053252064	0.10622435	0.08850624	-0.8966585	0.0	0.0	0.0	0.0	-1.5640259e-08	-0.007015958	0.0	0.0	0.020156335	-0.0039827153	100.0	0.0	79.0	0.92620915	0.008904584	35000	3461.705402135849
7	-4.1666665	1.7579384	-0.8	-10.0	0.072916664	0.25999966	1.0	0.0	51.520832	336.0	0.0084	-0.045213114	0.081856936	0.115479335	-0.6179757	0.0	0.0	0.0	0.0	2.2888185e-09	-0.010779321	0.0	0.0	0.02262738	-0.004365599	100.0	0.0	79.0	0.8765378	0.011096841	40000	3956.68501996994
8	-4.2212763	1.6451005	-0.4	-10.0	0.04255319	0.20184752	1.0	0.0	52.51064	340.0	0.007555555555555556	-0.052459657	0.09071612	0.1023165	-1.0372876	0.0	0.0	0.0	0.0	2.2411346e-09	-0.010525438	0.0	0.0	0.014375189	-0.0041246144	100.0	0.0	79.0	0.91127664	0.008508983	45000	4451.713869094849
9	-4.017172	1.8523282	-0.4	-10.0	0.04040404	0.19690494	1.0	0.0	50.17172	344.0	0.00688	-0.04668618	0.07140988	0.07056922	-0.43489766	0.0	0.0	0.0	0.0	-2.3174286e-08	-0.006204214	0.0	0.0	0.014140903	-0.0022765975	100.0	0.0	79.0	0.86617005	0.0047602947	50000	4948.775530576706
10	-3.8764708	1.4860249	-1.3	-10.0	0.04901961	0.21590896	1.0	0.0	48.901962	349.0	0.006345454545454546	-0.035987884	0.055373248	0.08072384	-0.4209808	0.0	0.0	0.0	0.0	1.9073487e-09	-0.008157034	0.0	0.0	0.009629376	-0.0027808272	100.0	0.0	79.0	0.8523795	0.009785214	55000	5446.1974494457245
11	-4.0090003	2.1747687	-0.6	-10.0	0.02	0.14	1.0	0.0	49.88	351.0	0.00585	-0.05521078	0.09153339	0.06843388	-0.8425234	0.0	0.0	0.0	0.0	-2.3460387e-08	-0.0062741507	0.0	0.0	0.010677551	-0.004507991	100.0	0.0	79.0	0.7873037	0.007968931	60000	5942.497536182404
12	-3.7095234	1.5875423	-1.5	-10.0	0.03809524	0.1914262	1.0	0.0	47.361904	355.0	0.005461538461538461	-0.041482706	0.07928583	0.14473303	-0.6606461	0.0	0.0	0.0	0.0	-3.6239625e-09	-0.005439378	0.0	0.0	0.015573221	-0.00425163	100.0	0.0	79.0	0.76149637	0.002310704	65000	6440.098094463348
13	-3.8617647	1.5162547	-1.3	-10.0	0.029411765	0.16895771	1.0	0.0	48.97059	358.0	0.0051142857142857144	-0.04334123	0.06345632	0.081080124	-0.60472065	0.0	0.0	0.0	0.0	-9.918213e-09	-0.008014832	0.0	0.0	0.010645389	-0.002193655	100.0	0.0	79.0	0.7559974	0.0058359406	70000	6938.233779191971
14	-3.7644231	1.5972885	-1.0	-10.0	0.03846154	0.19230768	1.0	0.0	47.903847	362.0	0.004826666666666667	-0.03530615	0.058843795	0.05763023	-0.5054722	0.0	0.0	0.0	0.0	1.5640259e-08	-0.0077524357	0.0	0.0	0.013748576	-0.0025011776	100.0	0.0	79.0	0.7310841	0.0054108826	75000	7435.400001525879
15	-3.733654	1.3173846	-1.5	-10.0	0.01923077	0.13733517	1.0	0.0	48.01923	364.0	0.00455	-0.037940435	0.06423731	0.0507875	-0.48199055	0.0	0.0	0.0	0.0	-1.3351441e-08	-0.008111711	0.0	0.0	0.00781256	-0.0017591543	100.0	0.0	34.0	0.7565282	0.012426131	80000	7932.923585176468
16	-3.6160378	1.3694192	-1.0	-10.0	0.018867925	0.13605855	1.0	0.0	46.64151	366.0	0.004305882352941177	-0.028747749	0.055521537	0.1590219	-0.36611345	0.0	0.0	0.0	0.0	2.269745e-08	-0.005102829	0.0	0.0	0.005512429	-0.0016831087	100.0	0.0	79.0	0.6936459	0.00660271	85000	8431.013967990875
17	-3.7932036	1.6673485	-1.8	-10.0	0.009708738	0.09805342	1.0	0.0	48.39806	367.0	0.004077777777777777	-0.031682316	0.04773943	0.049969167	-0.28298298	0.0	0.0	0.0	0.0	-2.193451e-09	-0.0056271446	0.0	0.0	0.0067910417	-0.0014364729	100.0	0.0	79.0	0.6685702	0.0062001785	90000	8928.53394317627
18	-3.7038095	1.5632032	-1.5	-10.0	0.00952381	0.09712419	1.0	0.0	47.514286	368.0	0.0038736842105263156	-0.034017853	0.0651692	0.076023094	-0.71357185	0.0	0.0	0.0	0.0	8.773804e-09	-0.0076961364	0.0	0.0	0.006280699	-0.0020725857	100.0	0.0	79.0	0.6621642	0.00540594	95000	9426.02462720871
19	-3.524771	1.5918461	-1.4	-10.0	0.0091743115	0.09534224	1.0	0.0	45.74312	369.0	0.00369	-0.021017719	0.040725883	0.06987011	-0.39967486	0.0	0.0	0.0	0.0	-7.6293943e-10	-0.008372846	0.0	0.0	0.004993745	-0.0006257086	100.0	0.0	79.0	0.6715446	0.0045942627	100000	9925.297003030777
20	-3.814563	2.0138555	-1.4	-10.0	0.0	0.0	0.0	0.0	48.291264	369.0	0.003514285714285714	-0.037801113	0.05674013	0.058188092	-0.4577748	0.0	0.0	0.0	0.0	2.861023e-10	-0.006199341	0.0	0.0	0.0017082912	-0.0012622663	100.0	0.0	79.0	0.66998506	0.0088755535	105000	10420.301608800888
21	-3.5472224	1.4673901	-1.4	-10.0	0.018518519	0.13481687	1.0	0.0	45.962963	371.0	0.003372727272727273	-0.024832778	0.039831635	0.032713536	-0.38133416	0.0	0.0	0.0	0.0	-1.3828277e-08	-0.0059557115	0.0	0.0	0.010751132	-0.0024566054	100.0	0.0	79.0	0.5799683	0.0052861944	110000	10915.86939048767
22	-3.771154	1.8326459	-1.4	-10.0	0.028846154	0.16737399	1.0	0.0	47.759617	374.0	0.003252173913043478	-0.056155358	0.12014215	0.08539513	-0.97728586	0.0	0.0	0.0	0.0	1.525879e-08	-0.00607875	0.0	0.0	0.011265219	-0.0012673093	100.0	0.0	79.0	0.60175556	0.005670301	115000	11413.656237125397
23	-3.5850468	1.8258171	-1.5	-10.0	0.0	0.0	0.0	0.0	46.233646	374.0	0.0031166666666666665	-0.045496393	0.072089575	0.092943	-0.68390435	0.0	0.0	0.0	0.0	7.6293943e-10	-0.0061593265	0.0	0.0	0.0026035206	-0.0016367906	100.0	0.0	79.0	0.5909455	0.0045674187	120000	11912.45783495903
24	-3.3309736	1.420587	-1.5	-10.0	0.0	0.0	0.0	0.0	44.0177	374.0	0.002992	-0.02528446	0.0535244	0.06394762	-0.4850501	0.0	0.0	0.0	0.0	-9.536743e-09	-0.0065461546	0.0	0.0	0.0013259687	-0.00031939452	100.0	0.0	79.0	0.59008497	0.00491826	125000	12409.152797222137
25	-3.382301	1.7561135	-1.5	-10.0	0.0088495575	0.093654916	1.0	0.0	44.238937	375.0	0.0028846153846153848	-0.027985925	0.055159297	0.03942239	-0.2955112	0.0	0.0	0.0	0.0	-2.002716e-09	-0.0038800845	0.0	0.0	0.006275142	-0.001058483	100.0	0.0	79.0	0.5512247	0.0045335707	130000	12903.99078965187
26	-3.4576576	1.8537301	-1.2	-10.0	0.0	0.0	0.0	0.0	44.981983	375.0	0.002777777777777778	-0.036401674	0.051503554	0.05524469	-0.49450275	0.0	0.0	0.0	0.0	1.0490417e-09	-0.008310861	0.0	0.0	0.0013448664	-0.00088394096	100.0	0.0	79.0	0.58103895	0.006488916	135000	13399.348908662796
27	-3.4549553	1.7455087	-1.4	-10.0	0.027027028	0.16216217	1.0	0.0	44.855854	378.0	0.0027	-0.026940754	0.048089333	0.0587711	-0.40043247	0.0	0.0	0.0	0.0	5.722046e-10	-0.0055722585	0.0	0.0	0.01488053	-0.0025152666	100.0	0.0	79.0	0.58355194	0.006558168	140000	13893.871306419373
28	-3.3061402	1.2033058	-1.3	-10.0	0.04385965	0.20478277	1.0	0.0	43.57895	383.0	0.0026413793103448277	-0.03712373	0.053204056	0.10835129	-0.53934395	0.0	0.0	0.0	0.0	1.9931793e-08	-0.0066631082	0.0	0.0	0.017727448	-0.0027728518	100.0	0.0	79.0	0.5944353	0.0037157182	145000	14389.482268571854
29	-3.1965811	1.4443485	-1.4	-10.0	0.008547009	0.09205412	1.0	0.0	42.589745	384.0	0.00256	-0.035373718	0.067818485	0.078384966	-0.47931197	0.0	0.0	0.0	0.0	-5.531311e-09	-0.009158344	0.0	0.0	0.0034989517	-0.0013586436	100.0	0.0	79.0	0.61221516	0.008359993	150000	14885.029167175293
30	-3.5761466	1.9151208	-1.4	-10.0	0.018348623	0.13420859	1.0	0.0	45.85321	386.0	0.0024903225806451614	-0.034967277	0.060044713	0.076876216	-0.63336396	0.0	0.0	0.0	0.0	2.4795533e-08	-0.0027634662	0.0	0.0	0.010706495	-0.0018604677	100.0	0.0	6.0	0.5707757	0.0110388575	155000	15379.018588542938
31	-3.9366333	2.2810767	-1.3	-10.0	0.0	0.0	0.0	0.0	49.168316	386.0	0.0024125	-0.06077539	0.09978986	0.087571196	-0.8341218	0.0	0.0	0.0	0.0	-3.1471252e-09	-0.0046923878	0.0	0.0	0.0030753014	-0.0010554239	100.0	0.0	79.0	0.5927012	0.0037439845	160000	15873.909177780151
32	-3.4639642	1.849509	-1.4	-10.0	0.009009009	0.0944873	1.0	0.0	44.945946	387.0	0.0023454545454545455	-0.035946775	0.06987352	0.06143888	-0.5376507	0.0	0.0	0.0	0.0	-8.487701e-09	-0.0074020163	0.0	0.0	0.0064783823	-0.0013311841	100.0	0.0	79.0	0.59945166	0.0091307005	165000	16370.113326072693
33	-3.5833333	1.8400131	-1.3	-10.0	0.046296295	0.21012603	1.0	0.0	46.01852	392.0	0.0023058823529411763	-0.044189174	0.07414363	0.06726496	-0.4979352	0.0	0.0	0.0	0.0	-8.201599e-09	-0.0064859106	0.0	0.0	0.021261279	-0.0046366155	100.0	0.0	79.0	0.5893624	0.0056677344	170000	16867.929756641388
34	-3.3469026	1.4160315	-1.3	-10.0	0.017699115	0.13185544	1.0	0.0	43.9823	394.0	0.0022514285714285713	-0.051976778	0.08966386	0.15166041	-0.6450881	0.0	0.0	0.0	0.0	-1.2969971e-08	-0.011096635	0.0	0.0	0.010535856	-0.008158166	100.0	0.0	79.0	0.6301262	0.00601197	175000	17366.807470083237
35	-3.4654546	1.4781091	-1.3	-10.0	0.0	0.0	0.0	0.0	45.354546	394.0	0.002188888888888889	-0.032655776	0.06834475	0.08621875	-0.7909128	0.0	0.0	0.0	0.0	1.0585785e-08	-0.009296492	0.0	0.0	0.002882181	-0.0020669682	100.0	0.0	74.0	0.61159784	0.012293807	180000	17862.522272586823
36	-3.4481816	1.7087865	-1.1	-10.0	0.009090909	0.09491189	1.0	0.0	44.881817	395.0	0.002135135135135135	-0.021134196	0.031087015	0.05684744	-0.26959994	0.0	0.0	0.0	0.0	7.4386595e-09	-0.005262449	0.0	0.0	0.002393655	-0.00039339485	100.0	0.0	79.0	0.6197825	0.009468676	185000	18357.242174863815
37	-3.3734515	1.7096301	-1.1	-10.0	0.017699115	0.13185544	1.0	0.0	44.053097	397.0	0.0020894736842105265	-0.022854885	0.03131099	0.04901453	-0.30167064	0.0	0.0	0.0	0.0	-8.773804e-09	-0.009945656	0.0	0.0	0.008985991	-0.0017004726	100.0	0.0	79.0	0.62534475	0.0077969404	190000	18852.848986387253
38	-3.335398	1.2930666	-1.4	-10.0	0.026548672	0.1607602	1.0	0.0	43.964603	400.0	0.0020512820512820513	-0.02822966	0.048235122	0.04623703	-0.42330578	0.0	0.0	0.0	0.0	2.1457672e-10	-0.006974647	0.0	0.0	0.012925929	-0.0018996131	100.0	0.0	79.0	0.6193054	0.006423477	195000	19353.341494083405
39	-3.321239	1.7006742	-1.3	-10.0	0.0	0.0	0.0	0.0	43.725662	400.0	0.002	-0.03541755	0.0756397	0.09283076	-0.6360902	0.0	0.0	0.0	0.0	6.6757204e-09	-0.0062861554	0.0	0.0	0.0027743361	-0.0014847686	100.0	0.0	79.0	0.6158958	0.0038824284	200000	19848.907614946365
40	-3.8833337	1.976533	-1.5	-10.0	0.0	0.0	0.0	0.0	48.97059	400.0	0.001951219512195122	-0.038011134	0.0484803	0.045140807	-0.28108534	0.0	0.0	0.0	0.0	-7.96318e-09	-0.009085441	0.0	0.0	0.0006844079	-0.00030224078	100.0	0.0	79.0	0.5827972	0.007608127	205000	20350.454877376556
41	-3.4387386	1.5896155	-1.3	-10.0	0.009009009	0.09448729	1.0	0.0	44.89189	401.0	0.0019095238095238095	-0.024799533	0.040390786	0.035622217	-0.26235813	0.0	0.0	0.0	0.0	1.5258789e-09	-0.008242843	0.0	0.0	0.0026355186	-0.00031163427	100.0	0.0	79.0	0.61864793	0.008931188	210000	20844.39249753952
42	-3.2119658	1.5702993	-1.1	-10.0	0.017094018	0.12962179	1.0	0.0	42.555557	403.0	0.0018744186046511628	-0.022246215	0.034054212	0.052864615	-0.21252123	0.0	0.0	0.0	0.0	-5.722046e-10	-0.0024203663	0.0	0.0	0.006004243	-0.0015777531	100.0	0.0	4.0	0.59686893	0.013187923	215000	21340.509375333786
43	-3.4603605	1.8403035	-1.4	-10.0	0.009009009	0.09448731	1.0	0.0	44.90991	404.0	0.0018363636363636364	-0.021556744	0.04002124	0.061544113	-0.42757687	0.0	0.0	0.0	0.0	8.9645384e-09	-0.0024978775	0.0	0.0	0.007994393	-0.0025573699	100.0	0.0	4.0	0.5429797	0.017116949	220000	21835.893713235855
44	-3.5990658	1.6604522	-1.5	-10.0	0.009345794	0.09622083	1.0	0.0	46.476635	405.0	0.0018	-0.025920214	0.037924852	0.09652414	-0.38046876	0.0	0.0	0.0	0.0	-8.869171e-09	-0.0057094935	0.0	0.0	0.0062251748	-0.0008885721	100.0	0.0	79.0	0.5362342	0.0066463305	225000	22336.768003225327
45	-3.5694442	1.5934738	-1.6	-10.0	0.009259259	0.09577851	1.0	0.0	46.287037	406.0	0.0017652173913043478	-0.027583472	0.04663577	0.08332154	-0.37040746	0.0	0.0	0.0	0.0	-6.5803527e-09	-0.0063087037	0.0	0.0	0.006906196	-0.00067374995	100.0	0.0	79.0	0.5455616	0.005252491	230000	22832.677035093307
46	-3.3477879	1.3953841	-1.6	-10.0	0.0	0.0	0.0	0.0	44.18584	406.0	0.0017276595744680852	-0.02599547	0.038815796	0.06729636	-0.2848629	0.0	0.0	0.0	0.0	1.5449524e-08	-0.006813899	0.0	0.0	0.0010201426	-0.0006542247	100.0	0.0	79.0	0.572255	0.0065001724	235000	23332.911212921143
47	-3.4207208	1.5765806	-1.6	-10.0	0.0	0.0	0.0	0.0	44.81081	406.0	0.0016916666666666666	-0.020857383	0.029508812	0.03698399	-0.1367876	0.0	0.0	0.0	0.0	5.531311e-09	-0.008359121	0.0	0.0	0.00023652472	-7.427842e-05	100.0	0.0	79.0	0.567505	0.007022325	240000	23828.136602640152
48	-3.425225	1.5676613	-1.5	-10.0	0.0	0.0	0.0	0.0	44.855854	406.0	0.0016571428571428572	-0.018898582	0.026129391	0.024992168	-0.16198003	0.0	0.0	0.0	0.0	1.0681152e-08	-0.007249342	0.0	0.0	0.00021947212	-6.869699e-05	100.0	0.0	79.0	0.55480313	0.00795385	245000	24322.490742206573
49	-3.4387383	1.5965713	-1.4	-10.0	0.018018018	0.13301642	1.0	0.0	44.792793	408.0	0.001632	-0.017748898	0.02474097	0.028382866	-0.15462182	0.0	0.0	0.0	0.0	1.6593933e-08	-0.0046490165	0.0	0.0	0.00910068	-0.0033930326	100.0	0.0	8.0	0.57055664	0.014182394	250000	24817.47215938568
50	-3.4558558	1.7620466	-1.5	-10.0	0.0	0.0	0.0	0.0	44.963963	408.0	0.0016	-0.026953423	0.049873322	0.06004091	-0.7100927	0.0	0.0	0.0	0.0	-1.3923645e-08	-0.010631586	0.0	0.0	0.0016172763	-0.0013627419	100.0	0.0	79.0	0.5806673	0.006992892	255000	25312.391917467117
51	-3.5321095	1.7594767	-1.3	-10.0	0.018348623	0.1342086	1.0	0.0	45.715595	410.0	0.0015769230769230769	-0.024442485	0.03751641	0.032735493	-0.310595	0.0	0.0	0.0	0.0	7.05719e-09	-0.0014064646	0.0	0.0	0.008941867	-0.001434505	100.0	0.0	4.0	0.59257185	0.011445612	260000	25808.193892478943
52	-3.5146792	1.5828685	-1.4	-10.0	0.0091743115	0.09534224	1.0	0.0	45.6422	411.0	0.0015509433962264151	-0.027791332	0.03946204	0.09145889	-0.28168407	0.0	0.0	0.0	0.0	3.1471252e-09	-0.0067436737	0.0	0.0	0.0060181185	-0.00076784985	100.0	0.0	79.0	0.5469461	0.006522315	265000	26304.162987470627
53	-3.267826	1.5314415	-1.2	-10.0	0.0	0.0	0.0	0.0	43.29565	411.0	0.0015222222222222221	-0.022702783	0.03425949	0.04208456	-0.2524677	0.0	0.0	0.0	0.0	1.0490417e-09	-0.008578524	0.0	0.0	0.0005254	-0.00035362682	100.0	0.0	79.0	0.5427917	0.008573729	270000	26798.282237052917
54	-3.56789	2.2061582	-1.4	-10.0	0.0091743115	0.09534224	1.0	0.0	45.669724	412.0	0.0014981818181818182	-0.022342606	0.032084227	0.044405565	-0.22584544	0.0	0.0	0.0	0.0	2.8038025e-08	-0.0070751393	0.0	0.0	0.006294049	-0.0012139757	100.0	0.0	79.0	0.5312962	0.006662346	275000	27293.765481948853
55	-3.309649	1.544712	-1.3	-10.0	0.00877193	0.09324689	1.0	0.0	43.710526	413.0	0.001475	-0.024667954	0.03864491	0.057145208	-0.42132646	0.0	0.0	0.0	0.0	-8.869171e-09	-0.0069296723	0.0	0.0	0.006452771	-0.000911518	100.0	0.0	79.0	0.5177538	0.0077928347	280000	27788.906475543976
56	-3.3460176	1.3733258	-1.3	-10.0	0.0	0.0	0.0	0.0	44.16814	413.0	0.0014491228070175439	-0.0271948	0.041359983	0.074401625	-0.20845723	0.0	0.0	0.0	0.0	-6.008148e-09	-0.007608691	0.0	0.0	0.00092469185	-0.0006874627	100.0	0.0	79.0	0.57390493	0.006508948	285000	28285.82075691223
57	-3.285965	1.4008065	-1.6	-10.0	0.0	0.0	0.0	0.0	43.570175	413.0	0.0014241379310344828	-0.017401138	0.028568983	0.058497377	-0.2826806	0.0	0.0	0.0	0.0	9.727478e-09	-0.0055439943	0.0	0.0	0.0003931394	-0.00020335318	100.0	0.0	79.0	0.5689727	0.005766368	290000	28781.52751994133
58	-3.4071429	1.7017174	-1.1	-10.0	0.026785715	0.16145661	1.0	0.0	44.285713	416.0	0.0014101694915254236	-0.017010953	0.022495886	0.03062555	-0.28734666	0.0	0.0	0.0	0.0	-1.1444092e-09	-0.008029582	0.0	0.0	0.010616874	-0.0021962477	100.0	0.0	79.0	0.58052635	0.0095361555	295000	29280.964761018753
59	-3.3964283	1.5744574	-1.6	-10.0	0.0	0.0	0.0	0.0	44.57143	416.0	0.0013866666666666667	-0.03192364	0.05655439	0.063254476	-0.5724115	0.0	0.0	0.0	0.0	6.4849854e-09	-0.0084875915	0.0	0.0	0.0014304135	-0.0010308293	100.0	0.0	79.0	0.59511566	0.0066825463	300000	29777.731030225754
60	-3.3535714	1.566327	-1.6	-10.0	0.0	0.0	0.0	0.0	44.142857	416.0	0.001363934426229508	-0.018487714	0.029726742	0.03305135	-0.18779367	0.0	0.0	0.0	0.0	-5.722046e-09	-0.0073234425	0.0	0.0	0.00031770548	-0.000108483015	100.0	0.0	79.0	0.6239125	0.0054228776	305000	30272.551060914993
61	-3.4324324	1.5630972	-1.4	-10.0	0.009009009	0.094487295	1.0	0.0	44.82883	417.0	0.0013451612903225807	-0.022036172	0.034813084	0.038409084	-0.41398454	0.0	0.0	0.0	0.0	3.0517577e-09	-0.006652965	0.0	0.0	0.0031930984	-0.00072975806	100.0	0.0	79.0	0.6188878	0.0060228813	310000	30769.201673030853
62	-3.173276	1.2859558	-1.3	-10.0	0.01724138	0.13016956	1.0	0.0	42.448277	419.0	0.0013301587301587303	-0.01743172	0.027295502	0.052054707	-0.2420513	0.0	0.0	0.0	0.0	-6.9618227e-09	-0.0013801442	0.0	0.0	0.008200791	-0.0011359751	100.0	0.0	4.0	0.6013094	0.017949142	315000	31265.02461862564
63	-3.4000003	1.2824527	-1.5	-10.0	0.018018018	0.13301642	1.0	0.0	44.603603	421.0	0.001315625	-0.023815675	0.03416304	0.07230618	-0.47963357	0.0	0.0	0.0	0.0	-1.4781952e-08	-0.0061463015	0.0	0.0	0.010528313	-0.0030608326	100.0	0.0	52.0	0.59570366	0.01206091	320000	31763.061102628708
64	-3.5063632	1.7761182	-1.1	-10.0	0.009090909	0.0949119	1.0	0.0	45.363636	422.0	0.0012984615384615385	-0.03378462	0.07188298	0.08677999	-0.74687326	0.0	0.0	0.0	0.0	-9.822846e-09	-0.0060631027	0.0	0.0	0.0053728903	-0.0011687158	100.0	0.0	79.0	0.608645	0.005535458	325000	32259.426902770996
65	-3.3651788	1.2778826	-1.4	-10.0	0.0	0.0	0.0	0.0	44.455357	422.0	0.0012787878787878788	-0.030639729	0.07133271	0.08680192	-0.7806728	0.0	0.0	0.0	0.0	4.577637e-09	-0.005905701	0.0	0.0	0.0019751433	-0.0012085685	100.0	0.0	79.0	0.60266435	0.0056264047	330000	32757.541209459305
66	-3.3245614	1.5919513	-1.3	-10.0	0.00877193	0.09324689	1.0	0.0	43.763157	423.0	0.0012626865671641792	-0.019685572	0.03208304	0.046907302	-0.27785844	0.0	0.0	0.0	0.0	-1.039505e-08	-0.007611765	0.0	0.0	0.0032823677	-0.0010732608	100.0	0.0	79.0	0.6170122	0.006802817	335000	33252.3236579895
67	-3.7490387	2.00437	-1.6	-10.0	0.0	0.0	0.0	0.0	47.64423	423.0	0.0012441176470588235	-0.027749505	0.054472573	0.06383305	-0.48121235	0.0	0.0	0.0	0.0	-1.8119812e-09	-0.005766528	0.0	0.0	0.001215906	-0.00077982893	100.0	0.0	79.0	0.5820548	0.006184874	340000	33753.662999629974
68	-3.3307018	1.5780361	-1.3	-10.0	0.00877193	0.093246885	1.0	0.0	43.824562	424.0	0.0012289855072463768	-0.016668526	0.02908514	0.03213201	-0.39879268	0.0	0.0	0.0	0.0	-8.773804e-09	-0.009013027	0.0	0.0	0.005308368	-0.0008818391	100.0	0.0	79.0	0.57529634	0.0059555513	345000	34248.304574251175
69	-3.3451328	1.6980984	-1.3	-10.0	0.0088495575	0.093654916	1.0	0.0	43.867256	425.0	0.0012142857142857142	-0.02225466	0.03329586	0.11202786	-0.24111204	0.0	0.0	0.0	0.0	-1.1444092e-08	-0.005396731	0.0	0.0	0.007260154	-0.0018039839	100.0	0.0	79.0	0.5767297	0.004672645	350000	34745.63935685158
70	-3.3955357	1.708194	-1.3	-10.0	0.0	0.0	0.0	0.0	44.464287	425.0	0.0011971830985915493	-0.029134238	0.047418237	0.07921767	-0.6548634	0.0	0.0	0.0	0.0	-1.0299683e-08	-0.0091356905	0.0	0.0	0.00091560534	-0.0005672254	100.0	0.0	79.0	0.55698025	0.006959459	355000	35242.44605970383
71	-3.5110092	1.8902619	-1.3	-10.0	0.0	0.0	0.0	0.0	45.40367	425.0	0.0011805555555555556	-0.028778916	0.05648832	0.040157303	-0.4910228	0.0	0.0	0.0	0.0	-3.8146974e-09	-0.009614338	0.0	0.0	0.001038548	-0.00017718266	100.0	0.0	79.0	0.5433074	0.009150551	360000	35741.017857551575
72	-3.194017	1.6671431	-1.2	-10.0	0.008547009	0.09205411	1.0	0.0	42.470085	426.0	0.001167123287671233	-0.030591998	0.06763741	0.034608398	-0.76065874	0.0	0.0	0.0	0.0	-1.4305114e-08	-0.0073123146	0.0	0.0	0.0050820825	-0.00072610844	100.0	0.0	79.0	0.5734986	0.0071527506	365000	36238.346704006195
73	-3.5348623	1.6903056	-1.3	-10.0	0.0	0.0	0.0	0.0	45.844036	426.0	0.0011513513513513513	-0.033935204	0.050720673	0.056209214	-0.35987538	0.0	0.0	0.0	0.0	-1.5258789e-09	-0.010711146	0.0	0.0	0.0010137972	-0.0007163341	100.0	0.0	79.0	0.5442809	0.005468869	370000	36738.2675948143
74	-3.4718177	1.6943827	-1.3	-10.0	0.0	0.0	0.0	0.0	45.21818	426.0	0.001136	-0.02331512	0.03788309	0.037207782	-0.20253667	0.0	0.0	0.0	0.0	-8.9645384e-09	-0.006568623	0.0	0.0	0.00033356968	-0.00011037341	100.0	0.0	79.0	0.53852665	0.0048585	375000	37236.33187317848
75	-3.3359652	1.7088073	-1.2	-10.0	0.00877193	0.09324689	1.0	0.0	43.7807	427.0	0.0011236842105263158	-0.020187935	0.03328621	0.14537495	-0.37469706	0.0	0.0	0.0	0.0	-4.005432e-09	-0.0064450405	0.0	0.0	0.0025631436	-0.0003286472	100.0	0.0	79.0	0.5283982	0.005499366	380000	37732.86121678352
76	-3.419643	1.9204649	-1.2	-10.0	0.008928572	0.09406833	1.0	0.0	44.50893	428.0	0.0011116883116883117	-0.0268945	0.039199103	0.039445907	-0.16142642	0.0	0.0	0.0	0.0	-1.4305115e-09	-0.006939873	0.0	0.0	0.0065657026	-0.0016509825	100.0	0.0	79.0	0.5120475	0.005961229	385000	38230.64007353783
77	-3.487273	1.8124372	-1.4	-10.0	0.0	0.0	0.0	0.0	45.272728	428.0	0.0010974358974358974	-0.034213774	0.057600792	0.047679953	-0.6615902	0.0	0.0	0.0	0.0	-1.335144e-09	-0.0065107285	0.0	0.0	0.0014923855	-0.0008785784	100.0	0.0	79.0	0.5706743	0.004297951	390000	38732.59413146973
78	-3.2275863	1.963968	-1.2	-10.0	0.0	0.0	0.0	0.0	42.61207	428.0	0.0010835443037974684	-0.02709266	0.039144922	0.03978346	-0.14959502	0.0	0.0	0.0	0.0	1.4305115e-09	-0.008533277	0.0	0.0	0.00030667105	-7.7605815e-05	100.0	0.0	79.0	0.5331687	0.005150684	395000	39228.275698423386
79	-3.2543101	1.7201841	-1.3	-10.0	0.00862069	0.0924466	1.0	0.0	42.974136	429.0	0.0010725	-0.019788159	0.029598568	0.03007942	-0.3225378	0.0	0.0	0.0	0.0	-6.7710877e-09	-0.006596279	0.0	0.0	0.0053191246	-0.0014024507	100.0	0.0	35.0	0.54051673	0.013440434	400000	39722.04787015915
80	-3.0032785	1.165764	-1.2	-10.0	0.0	0.0	0.0	0.0	40.942623	429.0	0.0010592592592592594	-0.02885188	0.071630806	0.06844969	-0.82890296	0.0	0.0	0.0	0.0	1.2683868e-08	-0.0058678943	0.0	0.0	0.00292045	-0.0023617242	100.0	0.0	79.0	0.5651242	0.0039147707	405000	40217.3941617012
81	-3.2232761	1.3782395	-1.1	-10.0	0.0	0.0	0.0	0.0	42.948277	429.0	0.0010463414634146343	-0.012711798	0.01787574	0.057291754	-0.109423645	0.0	0.0	0.0	0.0	8.010864e-09	-0.007247732	0.0	0.0	0.00012708166	-5.818726e-05	100.0	0.0	79.0	0.5626254	0.0038623565	410000	40716.23978996277
82	-3.210256	1.5608668	-1.2	-10.0	0.008547009	0.09205411	1.0	0.0	42.726494	430.0	0.001036144578313253	-0.014504619	0.017663013	0.02072461	-0.08430359	0.0	0.0	0.0	0.0	2.7656555e-09	-0.004157893	0.0	0.0	0.0063901255	-0.001361934	100.0	0.0	8.0	0.53364336	0.014263626	415000	41212.15775871277
83	-3.654717	1.7885449	-1.4	-10.0	0.009433962	0.09666934	1.0	0.0	46.92453	431.0	0.0010261904761904761	-0.030322937	0.05109251	0.06568381	-0.76048666	0.0	0.0	0.0	0.0	7.05719e-09	-0.0068652285	0.0	0.0	0.006422219	-0.0012988774	100.0	0.0	79.0	0.53300565	0.006963968	420000	41710.29321408272
84	-3.290435	1.7028353	-1.4	-10.0	0.0	0.0	0.0	0.0	43.426086	431.0	0.0010141176470588235	-0.024646372	0.0397137	0.050969798	-0.39788005	0.0	0.0	0.0	0.0	-1.9073487e-09	-0.0088610165	0.0	0.0	0.00090028247	-0.00069921406	100.0	0.0	79.0	0.51622945	0.0049183285	425000	42206.79989147186
85	-3.599074	2.1343095	-1.1	-10.0	0.009259259	0.09577851	1.0	0.0	46.074074	432.0	0.0010046511627906977	-0.020118445	0.028672911	0.04232006	-0.22905888	0.0	0.0	0.0	0.0	1.2254715e-08	-0.004794298	0.0	0.0	0.0060339943	-0.0014668885	100.0	0.0	79.0	0.54408497	0.004573552	430000	42701.28537464142
86	-3.32193	1.7015347	-1.3	-10.0	0.0	0.0	0.0	0.0	43.736843	432.0	0.0009931034482758621	-0.027201502	0.05270258	0.07167186	-0.94126767	0.0	0.0	0.0	0.0	1.7929077e-08	-0.004550855	0.0	0.0	0.002476162	-0.0023164274	100.0	0.0	79.0	0.5347898	0.00559494	435000	43200.06168079376
87	-3.179487	1.5648128	-1.2	-10.0	0.0	0.0	0.0	0.0	42.418804	432.0	0.0009818181818181818	-0.015418665	0.021200007	0.02962419	-0.15834816	0.0	0.0	0.0	0.0	5.7697296e-09	-0.009850622	0.0	0.0	0.00014420338	-4.4935754e-05	100.0	0.0	79.0	0.4997987	0.0069125616	440000	43699.08139157295
88	-3.2600002	1.6999642	-1.3	-10.0	0.008695652	0.09284417	1.0	0.0	43.12174	433.0	0.0009730337078651685	-0.016246453	0.022125762	0.02539337	-0.11417992	0.0	0.0	0.0	0.0	2.4795533e-08	-0.0050153933	0.0	0.0	0.006404074	-0.0018026773	100.0	0.0	20.0	0.5055554	0.013409292	445000	44198.3487071991
89	-3.2560346	1.5948888	-1.3	-10.0	0.00862069	0.0924466	1.0	0.0	43.08621	434.0	0.0009644444444444444	-0.029330906	0.057788834	0.06535074	-0.8370252	0.0	0.0	0.0	0.0	-1.7166137e-09	-0.0051661693	0.0	0.0	0.004782031	-0.00083667506	100.0	0.0	79.0	0.4968456	0.0057872934	450000	44694.83543205261
90	-3.192373	1.6848354	-1.3	-10.0	0.016949153	0.12908092	1.0	0.0	42.364407	436.0	0.0009582417582417582	-0.025754385	0.04208175	0.044315793	-0.76200426	0.0	0.0	0.0	0.0	-1.6784668e-08	-0.009028171	0.0	0.0	0.009562968	-0.0037985533	100.0	0.0	79.0	0.5140976	0.005295201	455000	45189.93235015869
91	-3.463063	1.9539716	-1.2	-10.0	0.009009009	0.094487295	1.0	0.0	44.837837	437.0	0.00095	-0.033790592	0.05187161	0.10159548	-0.7017483	0.0	0.0	0.0	0.0	-8.392334e-09	-0.0079107275	0.0	0.0	0.0050855977	-0.001814205	100.0	0.0	79.0	0.5295235	0.0061324574	460000	45688.473529815674
92	-3.463063	1.8143535	-1.3	-10.0	0.0	0.0	0.0	0.0	45.036037	437.0	0.0009397849462365591	-0.02479689	0.036154725	0.076313145	-0.2843212	0.0	0.0	0.0	0.0	-9.918213e-09	-0.008474474	0.0	0.0	0.0005102878	-0.00032254905	100.0	0.0	79.0	0.52081984	0.008208936	465000	46188.96830487251
93	-3.1403363	1.6702701	-1.0	-10.0	0.016806724	0.1285467	1.0	0.0	41.7563	439.0	0.0009340425531914894	-0.016035108	0.028895231	0.030698124	-0.3880933	0.0	0.0	0.0	0.0	-1.6403199e-08	-0.0021680444	0.0	0.0	0.0073837456	-0.0026913774	100.0	0.0	5.0	0.53640705	0.01769129	470000	46688.42580318451
94	-3.0941174	1.3097755	-0.9	-10.0	0.008403362	0.09128388	1.0	0.0	41.663864	440.0	0.0009263157894736842	-0.03239591	0.06411662	0.08339562	-0.8984293	0.0	0.0	0.0	0.0	3.4332275e-09	-0.0055676233	0.0	0.0	0.004687205	-0.0040535782	100.0	0.0	79.0	0.5074503	0.00384174	475000	47192.958765268326
95	-3.3263159	1.6556153	-1.0	-10.0	0.0	0.0	0.0	0.0	43.7807	440.0	0.0009166666666666666	-0.015222934	0.025221149	0.045235023	-0.74257576	0.0	0.0	0.0	0.0	2.2888185e-09	-0.0065300446	0.0	0.0	0.00031995596	-0.00020275888	100.0	0.0	79.0	0.5105511	0.004336807	480000	47688.84001541138
96	-3.4603605	1.9615346	-1.2	-10.0	0.0	0.0	0.0	0.0	44.90991	440.0	0.0009072164948453608	-0.01918821	0.025649559	0.028682062	-0.4006674	0.0	0.0	0.0	0.0	-6.3896177e-09	-0.007058401	0.0	0.0	0.00031484594	-0.00015467805	100.0	0.0	79.0	0.4915776	0.0042646066	485000	48184.645293951035
97	-3.4115045	2.0416353	-1.1	-10.0	0.026548672	0.1607602	1.0	0.0	44.044247	443.0	0.0009040816326530612	-0.019715572	0.025899675	0.026628152	-0.45619264	0.0	0.0	0.0	0.0	-1.039505e-08	-0.005478998	0.0	0.0	0.013064303	-0.005651804	100.0	0.0	79.0	0.49146435	0.007031357	490000	48681.63592195511
98	-3.1296604	1.4509091	-1.3	-10.0	0.008474576	0.09166656	1.0	0.0	41.92373	444.0	0.000896969696969697	-0.029453965	0.06359045	0.20505533	-0.924706	0.0	0.0	0.0	0.0	-7.247925e-09	-0.007911742	0.0	0.0	0.0066752993	-0.004206135	100.0	0.0	79.0	0.48137462	0.005062707	495000	49178.675678014755
99	-3.1957264	1.7260395	-1.2	-10.0	0.017094018	0.12962179	1.0	0.0	42.299145	446.0	0.000892	-0.021961885	0.03892283	0.04975933	-0.7979425	0.0	0.0	0.0	0.0	-4.9591065e-09	-0.008576099	0.0	0.0	0.00761288	-0.0026340163	100.0	0.0	56.0	0.44807675	0.012214392	500000	49676.53574872017
100	-3.171186	1.6223077	-1.1	-10.0	0.016949153	0.1290809	1.0	0.0	42.24576	448.0	0.0008871287128712871	-0.029255912	0.06380202	0.04553044	-0.7353879	0.0	0.0	0.0	0.0	1.5640259e-08	-0.006791622	0.0	0.0	0.010364922	-0.002553233	100.0	0.0	79.0	0.486227	0.007859737	505000	50178.338807582855
101	-3.3460178	1.7262182	-1.2	-10.0	0.0088495575	0.093654916	1.0	0.0	43.876106	449.0	0.0008803921568627451	-0.027728388	0.047741458	0.04494553	-0.67106265	0.0	0.0	0.0	0.0	1.783371e-08	-0.0074962084	0.0	0.0	0.0051628146	-0.0019219683	100.0	0.0	79.0	0.495354	0.0038647065	510000	50680.983623981476
102	-3.25431	1.8447685	-1.2	-10.0	0.0	0.0	0.0	0.0	42.974136	449.0	0.0008718446601941748	-0.032541912	0.077864304	0.13501914	-0.9540612	0.0	0.0	0.0	0.0	6.2942505e-09	-0.007097376	0.0	0.0	0.0052344436	-0.0049910317	100.0	0.0	79.0	0.4838497	0.005271817	515000	51198.649550676346
103	-3.4576576	1.8245348	-1.2	-10.0	0.045045044	0.20740296	1.0	0.0	44.585587	454.0	0.000873076923076923	-0.023962265	0.035711005	0.0341108	-0.26837617	0.0	0.0	0.0	0.0	1.090765e-08	-0.009413487	0.0	0.0	0.020683149	-0.007926774	100.0	0.0	79.0	0.49270123	0.010273767	520000	51730.596697092056
104	-3.0924373	1.4979066	-1.2	-10.0	0.008403362	0.09128388	1.0	0.0	41.64706	455.0	0.0008666666666666666	-0.035337072	0.076417536	0.06564287	-0.7242506	0.0	0.0	0.0	0.0	-4.9591065e-09	-0.004647481	0.0	0.0	0.006271709	-0.0028560888	100.0	0.0	79.0	0.5297027	0.0046480782	525000	52231.627700805664
105	-3.4419644	1.9993589	-1.0	-10.0	0.008928572	0.09406832	1.0	0.0	44.63393	456.0	0.0008603773584905661	-0.054174177	0.11619372	0.08012833	-1.1148252	0.0	0.0	0.0	0.0	6.5803527e-09	-0.010215002	0.0	0.0	0.013174669	-0.008957143	100.0	0.0	79.0	0.5250088	0.007837697	530000	52730.92939209938
106	-3.4151785	1.94244	-1.2	-10.0	0.0	0.0	0.0	0.0	44.464287	456.0	0.0008523364485981308	-0.026035903	0.038555026	0.06037101	-0.34853086	0.0	0.0	0.0	0.0	8.773804e-09	-0.01002838	0.0	0.0	0.0007246129	-0.0005238432	100.0	0.0	79.0	0.51740855	0.0052745473	535000	53230.491480350494
107	-3.4720721	1.8597283	-1.2	-10.0	0.018018018	0.13301642	1.0	0.0	44.92793	458.0	0.0008481481481481481	-0.021591386	0.030281072	0.028290493	-0.17872871	0.0	0.0	0.0	0.0	-2.3841858e-08	-0.005135255	0.0	0.0	0.011381903	-0.006435004	100.0	0.0	79.0	0.51469743	0.0039003124	540000	53728.34238624573
108	-3.2205129	1.5749936	-1.3	-10.0	0.008547009	0.09205411	1.0	0.0	42.735043	459.0	0.0008422018348623853	-0.02915433	0.07287442	0.07634626	-1.3207146	0.0	0.0	0.0	0.0	-8.392334e-09	-0.0045356667	0.0	0.0	0.008588781	-0.005348566	100.0	0.0	79.0	0.5503793	0.0043336307	545000	54227.35111093521
109	-3.4351354	1.6839277	-1.1	-10.0	0.0	0.0	0.0	0.0	44.954956	459.0	0.0008345454545454546	-0.030119067	0.0553763	0.028831922	-0.4939419	0.0	0.0	0.0	0.0	3.0517577e-09	-0.007200507	0.0	0.0	0.0022476083	-0.0014005615	100.0	0.0	79.0	0.5649939	0.007025193	550000	54726.75098347664
110	-3.357522	1.6278443	-1.3	-10.0	0.0088495575	0.093654916	1.0	0.0	44.088497	460.0	0.0008288288288288288	-0.019173348	0.026903125	0.085805535	-0.1717679	0.0	0.0	0.0	0.0	-3.9100647e-09	-0.0063481517	0.0	0.0	0.006380137	-0.0027176053	100.0	0.0	79.0	0.5263754	0.005288922	555000	55225.236688137054
111	-3.2256408	1.8271061	-1.3	-10.0	0.008547009	0.092054114	1.0	0.0	42.59829	461.0	0.0008232142857142857	-0.02399302	0.04601572	0.051741127	-0.72048926	0.0	0.0	0.0	0.0	7.629395e-09	-0.010040693	0.0	0.0	0.0023520698	-0.0014941727	100.0	0.0	79.0	0.51671946	0.005308207	560000	55722.769560813904
112	-3.2094016	1.5597491	-1.3	-10.0	0.0	0.0	0.0	0.0	42.71795	461.0	0.000815929203539823	-0.020352084	0.033231195	0.034793697	-0.21767999	0.0	0.0	0.0	0.0	4.2915342e-09	-0.0052543767	0.0	0.0	0.00034451636	-0.00012704433	100.0	0.0	79.0	0.5220955	0.0037221825	565000	56218.98406291008
113	-3.4375	1.9119047	-1.4	-10.0	0.008928572	0.09406832	1.0	0.0	44.589287	462.0	0.0008105263157894737	-0.02556062	0.050231293	0.024579108	-0.78287363	0.0	0.0	0.0	0.0	-1.2874604e-08	-0.0082385745	0.0	0.0	0.0049426337	-0.0016282257	100.0	0.0	47.0	0.5249744	0.012882101	570000	56718.01796221733
114	-3.0900002	1.4323872	-1.2	-10.0	0.0	0.0	0.0	0.0	41.625	462.0	0.0008034782608695653	-0.022272708	0.038933337	0.07199202	-0.42979294	0.0	0.0	0.0	0.0	-3.8146974e-09	-0.0075595384	0.0	0.0	0.0007841503	-0.00061340723	100.0	0.0	79.0	0.5429867	0.0052010897	575000	57214.54477453232
115	-3.2799997	1.9246322	-1.2	-10.0	0.0	0.0	0.0	0.0	43.130436	462.0	0.000796551724137931	-0.02171122	0.032744624	0.032675713	-0.16798288	0.0	0.0	0.0	0.0	6.1035155e-09	-0.007700067	0.0	0.0	0.00025448526	-6.209353e-05	100.0	0.0	79.0	0.5007255	0.004859695	580000	57710.8426926136
116	-3.289565	1.8548352	-1.2	-10.0	0.0	0.0	0.0	0.0	43.32174	462.0	0.0007897435897435898	-0.021562172	0.03018575	0.080467135	-0.20383224	0.0	0.0	0.0	0.0	1.0681152e-08	-0.006871271	0.0	0.0	0.00017315825	-4.1926818e-05	100.0	0.0	79.0	0.49652916	0.003431588	585000	58208.689059734344
117	-3.7169812	2.1523342	-1.2	-10.0	0.018867925	0.13605855	1.0	0.0	47.0283	464.0	0.0007864406779661017	-0.026459327	0.03847714	0.02197708	-0.48065802	0.0	0.0	0.0	0.0	1.2254715e-08	-0.011530859	0.0	0.0	0.010128439	-0.005344613	100.0	0.0	79.0	0.46530557	0.008445624	590000	58708.050188064575
118	-3.555963	2.1719408	-1.2	-10.0	0.0	0.0	0.0	0.0	45.651375	464.0	0.0007798319327731092	-0.04448851	0.09898887	0.036988452	-1.3118378	0.0	0.0	0.0	0.0	4.1127204e-09	-0.0051952717	0.0	0.0	0.008537349	-0.007913909	100.0	0.0	79.0	0.5226123	0.0032346337	595000	59205.15963387489
119	-3.6551406	2.1144466	-1.2	-10.0	0.0	0.0	0.0	0.0	46.626167	464.0	0.0007733333333333333	-0.03190977	0.043468144	0.07827962	-0.19491163	0.0	0.0	0.0	0.0	4.7683715e-09	-0.008201446	0.0	0.0	0.00052764267	-7.6278055e-05	100.0	0.0	79.0	0.5096258	0.008207759	600000	59700.47771310806
120	-3.2826087	1.8047887	-1.3	-10.0	0.0	0.0	0.0	0.0	43.252174	464.0	0.0007669421487603306	-0.024567073	0.038231883	0.03223018	-0.20989163	0.0	0.0	0.0	0.0	2.5177002e-08	-0.0068600723	0.0	0.0	0.00035774065	-7.144382e-05	100.0	0.0	79.0	0.5238096	0.0045636985	605000	60198.6025261879
121	-3.4828825	1.9468094	-1.1	-10.0	0.009009009	0.0944873	1.0	0.0	45.036037	465.0	0.0007622950819672131	-0.028530866	0.04140787	0.028965639	-0.2269248	0.0	0.0	0.0	0.0	-1.8119812e-09	-0.0058489684	0.0	0.0	0.0058355294	-0.0021104321	100.0	0.0	79.0	0.49814433	0.0041303984	610000	60694.83932900429
122	-3.3424778	1.8384202	-1.4	-10.0	0.0	0.0	0.0	0.0	43.84071	465.0	0.0007560975609756098	-0.034348823	0.05359974	0.20830944	-0.5965807	0.0	0.0	0.0	0.0	-1.335144e-09	-0.009271868	0.0	0.0	0.002006276	-0.0011033302	100.0	0.0	79.0	0.5175248	0.007636419	615000	61191.93065524101
123	-3.4321427	1.8074359	-1.2	-10.0	0.017857144	0.13243212	1.0	0.0	44.535713	467.0	0.0007532258064516129	-0.029432574	0.04289506	0.124048784	-0.2260765	0.0	0.0	0.0	0.0	-2.5749207e-09	-0.005767664	0.0	0.0	0.006871631	-0.00082094036	100.0	0.0	79.0	0.5002956	0.0055322973	620000	61691.67706441879
124	-3.1703389	1.7213174	-1.3	-10.0	0.016949153	0.12908092	1.0	0.0	42.14407	469.0	0.0007504	-0.029747339	0.046197463	0.058940146	-0.33806884	0.0	0.0	0.0	0.0	-1.513958e-08	-0.0040361616	0.0	0.0	0.009773371	-0.0032337713	100.0	0.0	79.0	0.51959187	0.005227311	625000	62189.22625207901
125	-3.388393	1.8105714	-1.2	-10.0	0.008928572	0.09406833	1.0	0.0	44.19643	470.0	0.000746031746031746	-0.04052306	0.08139763	0.08040827	-0.9756703	0.0	0.0	0.0	0.0	8.773804e-09	-0.00671265	0.0	0.0	0.0045719747	-0.0030538263	100.0	0.0	79.0	0.53518075	0.0047946917	630000	62683.96615719795
126	-3.5518177	2.2232544	-1.2	-10.0	0.009090909	0.09491189	1.0	0.0	45.418182	471.0	0.000741732283464567	-0.038546022	0.06461156	0.05435703	-1.1006018	0.0	0.0	0.0	0.0	3.8146972e-10	-0.0068117613	0.0	0.0	0.0059679155	-0.0023737638	100.0	0.0	79.0	0.520653	0.004746861	635000	63165.223489522934
127	-3.2652173	1.7017661	-1.1	-10.0	0.0	0.0	0.0	0.0	43.173912	471.0	0.0007359375	-0.027639106	0.036132216	0.08619586	-0.19724011	0.0	0.0	0.0	0.0	1.1825562e-08	-0.0057041794	0.0	0.0	0.00064578134	-0.00038047315	100.0	0.0	79.0	0.51570976	0.0039330535	640000	63652.197266578674
128	-3.1923075	1.680311	-1.1	-10.0	0.008547009	0.09205411	1.0	0.0	42.45299	472.0	0.0007317829457364341	-0.02061782	0.03110531	0.12918366	-0.124159284	0.0	0.0	0.0	0.0	-2.002716e-09	-0.0063221348	0.0	0.0	0.0064354744	-0.002581983	100.0	0.0	79.0	0.4644496	0.0038154144	645000	64127.757454395294
129	-3.168644	1.7016293	-0.9	-10.0	0.0	0.0	0.0	0.0	42.22034	472.0	0.0007261538461538462	-0.032912534	0.07377977	0.06688413	-1.0209844	0.0	0.0	0.0	0.0	-6.1750414e-09	-0.004910352	0.0	0.0	0.0045619197	-0.0043372647	100.0	0.0	79.0	0.4697157	0.0036991802	650000	64600.05973958969
130	-3.2521737	1.5615683	-1.1	-10.0	0.008695652	0.09284417	1.0	0.0	43.13913	473.0	0.0007221374045801527	-0.02003317	0.026264733	0.025134869	-0.189802	0.0	0.0	0.0	0.0	-1.5640259e-08	-0.0061905673	0.0	0.0	0.0061613615	-0.0007198127	100.0	0.0	79.0	0.4750586	0.011040216	655000	65083.403494119644
131	-3.492793	2.3315585	-1.2	-10.0	0.0	0.0	0.0	0.0	44.837837	473.0	0.0007166666666666667	-0.03161652	0.04719629	0.03306034	-0.3022334	0.0	0.0	0.0	0.0	-1.1825562e-08	-0.0074315877	0.0	0.0	0.0005552364	-0.00035083035	100.0	0.0	79.0	0.50004035	0.006766237	660000	65562.5473101139
132	-3.5229354	1.9448183	-1.1	-10.0	0.0	0.0	0.0	0.0	45.522934	473.0	0.0007112781954887218	-0.026886957	0.033352323	0.020988133	-0.18161939	0.0	0.0	0.0	0.0	-1.0871887e-08	-0.00852332	0.0	0.0	0.00040999503	-0.0001323692	100.0	0.0	79.0	0.47705644	0.0056402097	665000	66046.09152650833
133	-3.131092	1.5063311	-1.1	-10.0	0.016806724	0.1285467	1.0	0.0	41.84874	475.0	0.000708955223880597	-0.017093057	0.026626254	0.24611384	-0.14984041	0.0	0.0	0.0	0.0	-5.4836274e-10	-0.0014106777	0.0	0.0	0.011071643	-0.0022509377	100.0	0.0	4.0	0.4884747	0.012576308	670000	66530.30139517784
134	-3.2921739	1.8337487	-1.2	-10.0	0.008695652	0.092844166	1.0	0.0	43.252174	476.0	0.0007051851851851852	-0.037368342	0.06794463	0.26726654	-0.37077752	0.0	0.0	0.0	0.0	-1.1444092e-09	-0.008965977	0.0	0.0	0.006602849	-0.0025531114	100.0	0.0	79.0	0.47924283	0.0063218744	675000	67039.80874633789
135	-3.483784	1.8321228	-0.9	-10.0	0.027027028	0.16216217	1.0	0.0	45.045044	479.0	0.0007044117647058823	-0.033908404	0.06075973	0.2978763	-1.1969202	0.0	0.0	0.0	0.0	-6.67572e-10	-0.0072038304	0.0	0.0	0.011348854	-0.0031833472	100.0	0.0	79.0	0.494761	0.0052644396	680000	67524.58898234367
136	-3.46036	1.595279	-1.2	-10.0	0.018018018	0.13301642	1.0	0.0	45.00901	481.0	0.0007021897810218979	-0.05667024	0.101738565	0.10541258	-0.9264509	0.0	0.0	0.0	0.0	3.1471252e-09	-0.01063493	0.0	0.0	0.011108615	-0.0033219163	100.0	0.0	79.0	0.51436186	0.0052159014	685000	68003.29302835464
137	-3.1025	1.3036144	-0.9	-10.0	0.016666668	0.1280191	1.0	0.0	41.658333	483.0	0.0007	-0.026823603	0.0664563	0.13293885	-0.8312874	0.0	0.0	0.0	0.0	-7.772446e-09	-0.005742735	0.0	0.0	0.006041492	-0.0017758645	100.0	0.0	79.0	0.51312107	0.004308286	690000	68483.06582140923
138	-3.3867254	1.9229635	-1.3	-10.0	0.0	0.0	0.0	0.0	44.18584	483.0	0.0006949640287769784	-0.031053295	0.057366397	0.1520239	-0.3726953	0.0	0.0	0.0	0.0	5.722046e-10	-0.0077250036	0.0	0.0	0.0009881392	-0.00063227804	100.0	0.0	79.0	0.49708077	0.0064143906	695000	68963.35392141342
139	-3.639252	2.0164165	-1.4	-10.0	0.009345794	0.096220836	1.0	0.0	46.46729	484.0	0.0006914285714285715	-0.032154176	0.04738639	0.038297217	-0.45673537	0.0	0.0	0.0	0.0	-3.0994414e-08	-0.0055630025	0.0	0.0	0.00490831	-0.0024319564	100.0	0.0	79.0	0.5399041	0.005245767	700000	69444.50569677353
140	-3.481818	1.7453407	-1.2	-10.0	0.009090909	0.094911896	1.0	0.0	45.21818	485.0	0.0006879432624113475	-0.037541345	0.07921494	0.07611427	-0.8872657	0.0	0.0	0.0	0.0	1.335144e-09	-0.006786035	0.0	0.0	0.0064211516	-0.0032216734	100.0	0.0	79.0	0.5306513	0.007483789	705000	69921.51286196709
141	-3.2600002	1.3068249	-1.3	-10.0	0.017391304	0.1307243	1.0	0.0	43.217392	487.0	0.0006859154929577465	-0.024726348	0.05317478	0.086349525	-1.0325235	0.0	0.0	0.0	0.0	3.8146972e-10	-0.0044831457	0.0	0.0	0.0069514276	-0.0026734588	100.0	0.0	9.0	0.5354908	0.010953322	710000	70397.95267939568
142	-3.2921052	1.4043257	-1.4	-10.0	0.00877193	0.09324689	1.0	0.0	43.535088	488.0	0.0006825174825174826	-0.028613433	0.07842719	0.17145267	-1.3131851	0.0	0.0	0.0	0.0	8.010864e-09	-0.008199811	0.0	0.0	0.0058759134	-0.0032756727	100.0	0.0	79.0	0.55169934	0.0062242816	715000	70870.06074643135
143	-3.2577586	1.6759533	-1.4	-10.0	0.0	0.0	0.0	0.0	43.103447	488.0	0.0006777777777777778	-0.02411153	0.042104803	0.05226072	-0.39191264	0.0	0.0	0.0	0.0	-4.577637e-09	-0.00877579	0.0	0.0	0.0004634076	-0.00024391926	100.0	0.0	79.0	0.5503358	0.0048836563	720000	71342.51323795319
144	-3.508182	1.9153036	-1.4	-10.0	0.0	0.0	0.0	0.0	45.381817	488.0	0.000673103448275862	-0.02852188	0.041764442	0.110625155	-0.26733294	0.0	0.0	0.0	0.0	-1.0490417e-08	-0.008737597	0.0	0.0	0.0003490814	-0.00016403354	100.0	0.0	79.0	0.52910686	0.004224869	725000	71800.94477176666
145	-3.3271928	1.7203265	-1.2	-10.0	0.00877193	0.09324689	1.0	0.0	43.69298	489.0	0.0006698630136986302	-0.020978395	0.035060897	0.021930594	-0.96678454	0.0	0.0	0.0	0.0	-6.008148e-09	-0.009187852	0.0	0.0	0.0045721238	-0.0026929234	100.0	0.0	79.0	0.5236798	0.0074761	730000	72253.58468842506
146	-3.5284402	1.7268039	-1.5	-10.0	0.0091743115	0.09534224	1.0	0.0	45.779816	490.0	0.0006666666666666666	-0.037547488	0.07798896	0.033002675	-1.0716429	0.0	0.0	0.0	0.0	-2.0980835e-09	-0.008631854	0.0	0.0	0.008321024	-0.003577427	100.0	0.0	79.0	0.53458816	0.011752241	735000	72704.33429169655
147	-3.2456896	1.5611331	-1.4	-10.0	0.0	0.0	0.0	0.0	43.077587	490.0	0.0006621621621621622	-0.02197159	0.046058074	0.38006097	-0.706256	0.0	0.0	0.0	0.0	-1.5258789e-09	-0.0057869195	0.0	0.0	0.0010045293	-0.00084315863	100.0	0.0	79.0	0.5543016	0.003353515	740000	73149.72300314903
148	-3.4774773	2.0353491	-1.0	-10.0	0.009009009	0.09448729	1.0	0.0	44.88288	491.0	0.0006590604026845638	-0.025627892	0.03890184	0.068570845	-0.49501806	0.0	0.0	0.0	0.0	9.250641e-09	-0.0055796565	0.0	0.0	0.0063170395	-0.0040461174	100.0	0.0	79.0	0.5509315	0.005060515	745000	73592.3934006691
149	-3.7485712	2.2250142	-1.4	-10.0	0.00952381	0.09712419	1.0	0.0	47.333332	492.0	0.000656	-0.04405197	0.0904972	0.028654054	-1.8623625	0.0	0.0	0.0	0.0	2.2888185e-09	-0.007714849	0.0	0.0	0.0048184013	-0.0023508805	100.0	0.0	79.0	0.5513766	0.0062765204	750000	74036.61020255089
