Epoch	AverageEpRet	StdEpRet	MaxEpRet	MinEpRet	AverageEpCost	StdEpCost	MaxEpCost	MinEpCost	EpLen	CumulativeCost	CostRate	AverageVVals	StdVVals	MaxVVals	MinVVals	AverageCostVVals	StdCostVVals	MaxCostVVals	MinCostVVals	LossPi	DeltaLossPi	SurrCost	DeltaSurrCost	LossV	DeltaLossV	Penalty	DeltaPenalty	StopIter	Entropy	KL	TotalEnvInteracts	Time
0	-1.3003677	0.9236476	-0.3	-8.8	0.5477941	0.4977105	1.0	0.0	18.341911	149.0	0.0298	-0.123906955	0.40503037	0.8017326	-1.0642452	0.0	0.0	0.0	0.0	3.8146974e-09	-0.012248022	0.0	0.0	0.31703097	-0.16256048	100.0	0.0	15.0	1.0847118	0.013566058	5000	484.51932883262634
1	-1.8271357	1.4472526	-0.3	-6.9	0.41708544	0.49307725	1.0	0.0	25.015076	232.0	0.0232	-0.2719717	0.2454449	0.24827245	-0.93774486	0.0	0.0	0.0	0.0	-6.008148e-09	-0.0067376303	0.0	0.0	0.13428596	-0.02219481	100.0	0.0	7.0	1.090001	0.015693445	10000	964.8011875152588
2	-2.7167785	2.3287637	-0.3	-10.0	0.4161074	0.4929118	1.0	0.0	33.44295	294.0	0.0196	-0.15052788	0.196774	0.20816351	-1.0408692	0.0	0.0	0.0	0.0	1.6021728e-08	-0.007450939	0.0	0.0	0.07340847	-0.0065264404	100.0	0.0	8.0	1.0765016	0.014648199	15000	1441.4680180549622
3	-5.2095237	3.0982952	-0.4	-10.0	0.20238096	0.4017747	1.0	0.0	59.42857	311.0	0.01555	-0.087445766	0.15871258	0.23480856	-0.9630815	0.0	0.0	0.0	0.0	9.799003e-09	-0.007023956	0.0	0.0	0.037299614	-0.008216808	100.0	0.0	10.0	1.0431637	0.013769996	20000	1912.5292522907257
4	-6.266667	3.1538336	-0.5	-10.0	0.18055555	0.38464952	1.0	0.0	68.93056	324.0	0.01296	-0.06662165	0.09876156	0.082504556	-0.6630598	0.0	0.0	0.0	0.0	0.0	-0.011950796	0.0	0.0	0.022948656	-0.00251011	100.0	0.0	79.0	0.9909338	0.007101423	25000	2381.459625482559
5	-6.267606	2.7214212	-0.9	-10.0	0.112676054	0.3161964	1.0	0.0	69.80282	332.0	0.011066666666666667	-0.06631678	0.08572553	0.10397089	-0.6611536	0.0	0.0	0.0	0.0	1.1634826e-08	-0.008465618	0.0	0.0	0.020001499	-0.004416369	100.0	0.0	68.0	0.98262346	0.01202476	30000	2854.1948516368866
6	-5.808	2.4764361	-0.8	-10.0	0.12	0.32496154	1.0	0.0	66.293335	341.0	0.009742857142857143	-0.061989423	0.09155996	0.08327708	-0.9189187	0.0	0.0	0.0	0.0	6.008148e-09	-0.007857794	0.0	0.0	0.028737525	-0.009087952	100.0	0.0	79.0	0.9434732	0.008376051	35000	3337.146337032318
7	-5.115854	2.356334	-0.9	-10.0	0.09756097	0.29672012	1.0	0.0	60.012196	349.0	0.008725	-0.057014085	0.09253442	0.13875747	-0.598193	0.0	0.0	0.0	0.0	-7.629395e-09	-0.008569236	0.0	0.0	0.014883368	-0.0042949906	100.0	0.0	79.0	0.9307159	0.0066312095	40000	3813.232293367386
8	-5.396154	2.1364026	-1.2	-10.0	0.03846154	0.1923077	1.0	0.0	63.55128	352.0	0.007822222222222222	-0.0435968	0.06423349	0.06578715	-0.7143884	0.0	0.0	0.0	0.0	4.7683715e-09	-0.006858236	0.0	0.0	0.007078839	-0.0016959477	100.0	0.0	79.0	0.9358541	0.009079804	45000	4288.580766201019
9	-5.33125	2.3553445	-1.3	-10.0	0.05	0.21794495	1.0	0.0	62.3875	356.0	0.00712	-0.0357565	0.047531266	0.102716856	-0.4954167	0.0	0.0	0.0	0.0	8.5830687e-10	-0.0078032557	0.0	0.0	0.014071954	-0.0030215317	100.0	0.0	79.0	0.88377637	0.009318167	50000	4764.861423969269
10	-5.1487503	1.98488	-2.4	-10.0	0.0	0.0	0.0	0.0	61.6625	356.0	0.006472727272727272	-0.03673773	0.045105573	0.076229274	-0.36622292	0.0	0.0	0.0	0.0	1.9454957e-08	-0.00968452	0.0	0.0	0.0018283474	-0.0014822484	100.0	0.0	65.0	0.905091	0.012123962	55000	5242.394624233246
11	-4.9166665	2.3760629	-0.7	-10.0	0.023809524	0.15245533	1.0	0.0	58.595238	358.0	0.005966666666666667	-0.02429267	0.02193049	0.048299428	-0.16600457	0.0	0.0	0.0	0.0	-5.102158e-09	-0.0060477597	0.0	0.0	0.013157773	-0.001989088	100.0	0.0	79.0	0.86085194	0.0071187667	60000	5722.940353870392
12	-4.5155554	2.0411823	-1.1	-10.0	0.033333335	0.17950548	1.0	0.0	54.933334	361.0	0.005553846153846154	-0.033740923	0.041796125	0.071076944	-0.2306277	0.0	0.0	0.0	0.0	3.4332275e-09	-0.008500973	0.0	0.0	0.008016238	-0.0021488057	100.0	0.0	79.0	0.8541532	0.008471156	65000	6203.890777587891
13	-5.3884616	2.3579643	-1.3	-10.0	0.012820513	0.11249956	1.0	0.0	63.05128	362.0	0.005171428571428572	-0.034562893	0.039708443	0.057257414	-0.34460866	0.0	0.0	0.0	0.0	-4.005432e-09	-0.0046387427	0.0	0.0	0.0032630805	-0.0008202982	100.0	0.0	79.0	0.8585959	0.008583438	70000	6681.387421369553
14	-4.776744	2.0669422	-0.5	-10.0	0.069767445	0.2547547	1.0	0.0	57.744186	368.0	0.004906666666666667	-0.0343963	0.03180666	0.04117536	-0.32048032	0.0	0.0	0.0	0.0	1.2397766e-08	-0.007990893	0.0	0.0	0.029461127	-0.005689729	100.0	0.0	79.0	0.8112384	0.0074536004	75000	7158.864310979843
15	-4.6397724	2.0079126	-1.1	-10.0	0.022727273	0.1490327	1.0	0.0	56.647728	370.0	0.004625	-0.05865114	0.08581683	0.10045801	-1.0410011	0.0	0.0	0.0	0.0	-4.9591065e-09	-0.009215955	0.0	0.0	0.012043503	-0.0076704575	100.0	0.0	79.0	0.8191041	0.007990369	80000	7639.477445363998
16	-4.7755814	2.3620517	-0.8	-10.0	0.023255814	0.15071492	1.0	0.0	57.476746	372.0	0.004376470588235294	-0.026049262	0.030136503	0.037459306	-0.35324785	0.0	0.0	0.0	0.0	2.8610229e-08	-0.0072399257	0.0	0.0	0.010015038	-0.0020493018	100.0	0.0	67.0	0.8266805	0.012171528	85000	8117.308554172516
17	-4.346236	2.1583824	-0.4	-10.0	0.010752688	0.103136174	1.0	0.0	53.51613	373.0	0.0041444444444444445	-0.032077104	0.03915882	0.062298637	-0.32461014	0.0	0.0	0.0	0.0	3.0517577e-09	-0.0040659443	0.0	0.0	0.004874762	-0.0004566689	100.0	0.0	8.0	0.7849949	0.012624847	90000	8598.107106208801
18	-4.4053764	2.2838078	-0.8	-10.0	0.05376344	0.22555031	1.0	0.0	53.634407	378.0	0.003978947368421052	-0.03309828	0.035367854	0.062060762	-0.31293264	0.0	0.0	0.0	0.0	-1.0681152e-08	-0.0087206615	0.0	0.0	0.026361447	-0.0056923926	100.0	0.0	79.0	0.78807694	0.0069924896	95000	9075.503456354141
19	-3.8931372	2.0426943	-0.4	-10.0	0.0882353	0.2836368	1.0	0.0	48.637257	387.0	0.00387	-0.06589818	0.08435732	0.1335093	-0.81976426	0.0	0.0	0.0	0.0	6.1035155e-09	-0.0068413247	0.0	0.0	0.032944787	-0.004070727	100.0	0.0	79.0	0.75938195	0.0041196505	100000	9555.30591416359
20	-4.110309	2.1803472	-0.5	-10.0	0.020618556	0.14210358	1.0	0.0	51.082474	389.0	0.0037047619047619047	-0.059841145	0.06809113	0.12384917	-0.44410884	0.0	0.0	0.0	0.0	1.0299683e-08	-0.003999344	0.0	0.0	0.013576429	-0.0023230128	100.0	0.0	79.0	0.74183416	0.003350843	105000	10035.765305995941
21	-4.6793103	2.3642519	-0.3	-10.0	0.0	0.0	0.0	0.0	56.78161	389.0	0.0035363636363636365	-0.036533955	0.05335342	0.10557209	-0.32422304	0.0	0.0	0.0	0.0	-4.7683715e-09	-0.009703578	0.0	0.0	0.00300877	-0.0024639233	100.0	0.0	47.0	0.7196784	0.012961679	110000	10511.872576713562
22	-4.4217386	2.1030424	-1.0	-10.0	0.054347824	0.22670278	1.0	0.0	54.141304	394.0	0.003426086956521739	-0.024948504	0.03155172	0.12816496	-0.26507863	0.0	0.0	0.0	0.0	5.722046e-10	-0.00643944	0.0	0.0	0.013994822	-0.0016285256	100.0	0.0	79.0	0.7632661	0.0058743586	115000	10984.632326126099
23	-4.6179776	2.2104228	-1.0	-10.0	0.04494382	0.20718078	1.0	0.0	55.94382	398.0	0.0033166666666666665	-0.038767044	0.040982656	0.10089345	-0.33806	0.0	0.0	0.0	0.0	-1.1253357e-08	-0.004893166	0.0	0.0	0.016523538	-0.0023257267	100.0	0.0	79.0	0.76314485	0.008578796	120000	11461.181056261063
24	-4.377174	2.1581042	-0.8	-10.0	0.010869565	0.10368904	1.0	0.0	54.173912	399.0	0.003192	-0.039768804	0.053388905	0.09105373	-0.38431364	0.0	0.0	0.0	0.0	1.0061264e-08	-0.009432113	0.0	0.0	0.008907417	-0.0027788812	100.0	0.0	69.0	0.76184386	0.012317736	125000	11940.271961688995
25	-4.1402063	2.2251914	-0.5	-10.0	0.020618556	0.14210358	1.0	0.0	51.381443	401.0	0.0030846153846153844	-0.028657775	0.03179081	0.06544268	-0.16491705	0.0	0.0	0.0	0.0	4.7683715e-11	-0.0088706445	0.0	0.0	0.011164443	-0.0016484624	100.0	0.0	79.0	0.7314954	0.0068560257	130000	12421.167342662811
26	-4.07551	1.962197	-0.5	-10.0	0.040816326	0.19786449	1.0	0.0	50.857143	405.0	0.003	-0.040648036	0.03943654	0.063660465	-0.25412646	0.0	0.0	0.0	0.0	1.783371e-08	-0.010246044	0.0	0.0	0.019743167	-0.004249119	100.0	0.0	79.0	0.7231162	0.008540257	135000	12897.64307141304
27	-4.5764046	2.397003	-1.3	-10.0	0.033707865	0.18047617	1.0	0.0	55.52809	408.0	0.0029142857142857143	-0.03914699	0.07120349	0.33618924	-0.43579757	0.0	0.0	0.0	0.0	1.7166137e-09	-0.0077917622	0.0	0.0	0.013173629	-0.0031149108	100.0	0.0	79.0	0.71925	0.005514361	140000	13373.904330253601
28	-3.9797976	2.0438614	-0.7	-10.0	0.030303031	0.17141983	1.0	0.0	50.020203	411.0	0.00283448275862069	-0.036581323	0.048465285	0.0738349	-0.4117488	0.0	0.0	0.0	0.0	6.7710877e-09	-0.0065467735	0.0	0.0	0.013139414	-0.0016346937	100.0	0.0	79.0	0.73850334	0.0068340423	145000	13849.78010058403
29	-4.3739133	2.0144515	-0.4	-10.0	0.010869565	0.10368904	1.0	0.0	54.141304	412.0	0.002746666666666667	-0.0347105	0.037506234	0.12757574	-0.33047485	0.0	0.0	0.0	0.0	1.0681152e-08	-0.007270592	0.0	0.0	0.0042389426	-0.0005308485	100.0	0.0	79.0	0.76373655	0.008340859	150000	14324.696275949478
30	-4.1726313	2.3004093	-0.5	-10.0	0.0	0.0	0.0	0.0	52.031578	412.0	0.0026580645161290322	-0.023106487	0.031051401	0.057181507	-0.1853223	0.0	0.0	0.0	0.0	3.0517577e-09	-0.0069016544	0.0	0.0	0.0007647146	-0.0005452959	100.0	0.0	79.0	0.76055545	0.004986141	155000	14803.300926208496
31	-4.268085	2.321189	-0.3	-10.0	0.021276595	0.14430489	1.0	0.0	52.861702	414.0	0.0025875	-0.019761503	0.02127081	0.04911679	-0.12708513	0.0	0.0	0.0	0.0	-6.1035155e-09	-0.007548619	0.0	0.0	0.0075135008	-0.0013226941	100.0	0.0	79.0	0.73542494	0.009085993	160000	15279.134879112244
32	-4.0577316	1.8813155	-0.4	-10.0	0.010309278	0.101009876	1.0	0.0	51.237114	415.0	0.002515151515151515	-0.030632453	0.041826133	0.06589309	-0.26011094	0.0	0.0	0.0	0.0	-7.4386595e-09	-0.008313231	0.0	0.0	0.0031632518	-0.0012632975	100.0	0.0	79.0	0.73690456	0.006695679	165000	15755.00367808342
33	-4.307527	2.0793524	-0.3	-10.0	0.010752688	0.103136174	1.0	0.0	53.60215	416.0	0.0024470588235294116	-0.020161228	0.021589443	0.04391758	-0.18666212	0.0	0.0	0.0	0.0	2.2888184e-08	-0.0075912336	0.0	0.0	0.00708651	-0.00072474685	100.0	0.0	79.0	0.7240335	0.0063979514	170000	16234.311169624329
34	-3.8323529	2.0258217	-0.6	-10.0	0.009803922	0.09852821	1.0	0.0	49.0	417.0	0.0023828571428571427	-0.024398794	0.031974822	0.07145436	-0.15800694	0.0	0.0	0.0	0.0	4.7683715e-09	-0.0061686095	0.0	0.0	0.0022748467	-0.00041708583	100.0	0.0	79.0	0.69144756	0.004981829	175000	16715.293637037277
35	-4.165625	2.346044	-1.1	-10.0	0.0	0.0	0.0	0.0	51.854168	417.0	0.0023166666666666665	-0.022160398	0.024280388	0.05131321	-0.16838095	0.0	0.0	0.0	0.0	-3.7193297e-09	-0.008422666	0.0	0.0	0.00036258862	-0.0001360541	100.0	0.0	79.0	0.70518476	0.0050555994	180000	17194.598695278168
36	-3.685437	1.8851185	-1.2	-10.0	0.0	0.0	0.0	0.0	47.747574	417.0	0.002254054054054054	-0.016794141	0.02068333	0.039390624	-0.11218425	0.0	0.0	0.0	0.0	-3.8146972e-10	-0.008551213	0.0	0.0	0.00015211054	-5.5457982e-05	100.0	0.0	79.0	0.6896787	0.0050507574	185000	17671.654530763626
37	-4.086598	2.017635	-0.9	-10.0	0.0	0.0	0.0	0.0	51.525772	417.0	0.002194736842105263	-0.016421527	0.017121706	0.029014895	-0.07343476	0.0	0.0	0.0	0.0	8.392334e-09	-0.0042369897	0.0	0.0	0.000112600756	-2.3937617e-05	100.0	0.0	4.0	0.7192273	0.0070390524	190000	18145.9436314106
38	-4.471111	2.2721133	-1.3	-10.0	0.0	0.0	0.0	0.0	55.22222	417.0	0.0021384615384615383	-0.018712359	0.01762151	0.0495975	-0.13023104	0.0	0.0	0.0	0.0	-1.2969971e-08	-0.012050989	0.0	0.0	0.0001392827	1.6230348e-05	100.0	0.0	79.0	0.7114208	0.0067333435	195000	18621.207216262817
39	-3.7365382	2.0303023	-0.3	-10.0	0.0	0.0	0.0	0.0	48.048077	417.0	0.002085	-0.023791939	0.018554298	0.032737184	-0.10188377	0.0	0.0	0.0	0.0	-1.0681152e-08	-0.0090845	0.0	0.0	0.00017256605	-8.492302e-05	100.0	0.0	79.0	0.70309	0.005821117	200000	19097.504910469055
40	-3.7238095	2.1146438	-0.6	-10.0	0.01904762	0.13669239	1.0	0.0	47.50476	419.0	0.0020439024390243904	-0.014046667	0.016788578	0.025800444	-0.090466216	0.0	0.0	0.0	0.0	-6.5803527e-09	-0.0024021436	0.0	0.0	0.0095090885	-0.00078825094	100.0	0.0	5.0	0.7165043	0.014695621	205000	19573.41916513443
41	-3.9282827	1.8274032	-1.2	-10.0	0.0	0.0	0.0	0.0	49.949493	419.0	0.001995238095238095	-0.022635894	0.025746912	0.078894705	-0.15196164	0.0	0.0	0.0	0.0	-7.820129e-09	-0.0069350773	0.0	0.0	0.00039561457	-0.0002747523	100.0	0.0	79.0	0.6872507	0.007530896	210000	20055.249799013138
42	-4.176842	2.2305276	-0.8	-10.0	0.0	0.0	0.0	0.0	52.073685	419.0	0.0019488372093023256	-0.018821333	0.019280469	0.041916873	-0.08885933	0.0	0.0	0.0	0.0	-1.1825562e-08	-0.011546851	0.0	0.0	0.00014488037	-4.2851163e-05	100.0	0.0	79.0	0.69711566	0.008324975	215000	20537.522248268127
43	-3.909901	2.2072566	-0.4	-10.0	0.00990099	0.09900991	1.0	0.0	49.445545	420.0	0.0019090909090909091	-0.018152457	0.019385334	0.026349029	-0.09048516	0.0	0.0	0.0	0.0	3.1471252e-09	-0.008243977	0.0	0.0	0.0038016923	-0.00044776243	100.0	0.0	79.0	0.705605	0.0071322564	220000	21012.774597644806
44	-4.1375003	2.106797	-1.4	-10.0	0.010416667	0.10152909	1.0	0.0	51.572918	421.0	0.0018711111111111112	-0.025195025	0.02939178	0.025615532	-0.18753597	0.0	0.0	0.0	0.0	4.863739e-09	-0.0071629365	0.0	0.0	0.0030955288	-0.00066955015	100.0	0.0	12.0	0.68769217	0.014795955	225000	21492.911581516266
45	-4.130527	2.2795234	-0.6	-10.0	0.0	0.0	0.0	0.0	51.957893	421.0	0.0018304347826086957	-0.022740401	0.023391811	0.037045933	-0.17705967	0.0	0.0	0.0	0.0	-2.0980835e-09	-0.0055637253	0.0	0.0	0.00044173023	-0.00034067626	100.0	0.0	79.0	0.70583236	0.0060035433	230000	21968.244873046875
46	-4.2221055	2.4068403	-0.5	-10.0	0.021052632	0.14355981	1.0	0.0	52.410526	423.0	0.0018	-0.017752556	0.01747479	0.031987976	-0.08247987	0.0	0.0	0.0	0.0	8.392334e-09	-0.0024262443	0.0	0.0	0.008396658	-0.0006280453	100.0	0.0	6.0	0.7148358	0.010357425	235000	22441.28413772583
47	-4.1625	2.2002013	-1.0	-10.0	0.0	0.0	0.0	0.0	52.052082	423.0	0.0017625	-0.024330847	0.024653424	0.035069063	-0.16950548	0.0	0.0	0.0	0.0	2.0313262e-08	-0.0078302985	0.0	0.0	0.00042606267	-0.0002958012	100.0	0.0	79.0	0.71365577	0.0075990153	240000	22916.59727358818
48	-3.8509803	2.2469912	-0.5	-10.0	0.0	0.0	0.0	0.0	48.862743	423.0	0.001726530612244898	-0.019297497	0.019154474	0.024040285	-0.08003453	0.0	0.0	0.0	0.0	4.7683715e-09	-0.007049576	0.0	0.0	0.00017946768	-3.7004545e-05	100.0	0.0	79.0	0.6946272	0.0052634934	245000	23396.434762239456
49	-4.305319	2.4302776	-0.8	-10.0	0.0	0.0	0.0	0.0	53.11702	423.0	0.001692	-0.02166798	0.018278021	0.028143581	-0.087950595	0.0	0.0	0.0	0.0	1.335144e-09	-0.009257324	0.0	0.0	0.00023834837	-3.7535938e-05	100.0	0.0	79.0	0.67421	0.0074877623	250000	23873.577138900757
50	-4.4402175	2.3835058	-1.2	-10.0	0.010869565	0.10368904	1.0	0.0	54.326088	424.0	0.0016627450980392156	-0.02229841	0.019416263	0.02510294	-0.08994212	0.0	0.0	0.0	0.0	-1.077652e-08	-0.0048592333	0.0	0.0	0.0025098925	-0.00040262053	100.0	0.0	79.0	0.6771822	0.007950523	255000	24349.16822361946
51	-3.8490198	2.082737	-1.2	-10.0	0.0	0.0	0.0	0.0	48.95098	424.0	0.0016307692307692308	-0.023637574	0.028815312	0.024820015	-0.1970895	0.0	0.0	0.0	0.0	1.7738342e-08	-0.00964743	0.0	0.0	0.00041777047	-0.00026084628	100.0	0.0	79.0	0.64655364	0.0074922317	260000	24827.92630124092
52	-4.160416	2.0751245	-0.9	-10.0	0.0	0.0	0.0	0.0	52.03125	424.0	0.0016	-0.018276168	0.017917216	0.02175278	-0.077775195	0.0	0.0	0.0	0.0	3.0326845e-08	-0.010311449	0.0	0.0	0.0001445598	-3.2270014e-05	100.0	0.0	79.0	0.6849115	0.0066155074	265000	25307.580352544785
53	-3.7921567	2.0734875	-0.8	-10.0	0.0	0.0	0.0	0.0	48.490196	424.0	0.0015703703703703704	-0.018650763	0.019450717	0.059127368	-0.10308685	0.0	0.0	0.0	0.0	1.9073486e-10	-0.010665478	0.0	0.0	0.00010919025	-1.6471771e-05	100.0	0.0	79.0	0.65900683	0.005933095	270000	25783.535018205643
54	-3.751923	1.9457043	-0.6	-10.0	0.01923077	0.13733518	1.0	0.0	47.990383	426.0	0.001549090909090909	-0.01820138	0.018263295	0.04607615	-0.08477994	0.0	0.0	0.0	0.0	-1.5068053e-08	-0.0020262352	0.0	0.0	0.007137796	-0.0011012289	100.0	0.0	4.0	0.6657232	0.017197037	275000	26258.25258922577
55	-3.9323232	2.0596082	-0.6	-10.0	0.0	0.0	0.0	0.0	49.767677	426.0	0.0015214285714285714	-0.020948999	0.030630387	0.10593174	-0.16024984	0.0	0.0	0.0	0.0	-4.7683715e-09	-0.007204682	0.0	0.0	0.00065518485	-0.0004926434	100.0	0.0	79.0	0.63275313	0.008962211	280000	26734.787893295288
56	-3.5287037	1.7764952	-0.9	-10.0	0.0	0.0	0.0	0.0	46.083332	426.0	0.001494736842105263	-0.014618207	0.016864635	0.036292206	-0.06971429	0.0	0.0	0.0	0.0	-1.9073487e-09	-0.006558972	0.0	0.0	0.00010862343	-3.141672e-05	100.0	0.0	79.0	0.6283299	0.0048209727	285000	27212.966516971588
57	-3.8480392	2.01313	-0.5	-10.0	0.0	0.0	0.0	0.0	48.941177	426.0	0.0014689655172413793	-0.018252991	0.017735394	0.023062784	-0.08055189	0.0	0.0	0.0	0.0	-3.3378602e-09	-0.008426859	0.0	0.0	0.00015067999	-2.6865906e-05	100.0	0.0	79.0	0.62494373	0.005697499	290000	27692.126331567764
58	-3.9000003	2.0364013	-1.2	-10.0	0.00990099	0.09900991	1.0	0.0	49.346535	427.0	0.001447457627118644	-0.019116204	0.019372685	0.021524595	-0.08190347	0.0	0.0	0.0	0.0	-1.6212464e-09	-0.0034272051	0.0	0.0	0.0064082444	-0.0013220198	100.0	0.0	79.0	0.631987	0.005747855	295000	28172.015517950058
59	-3.9757574	2.0520544	-0.9	-10.0	0.0	0.0	0.0	0.0	50.20202	427.0	0.0014233333333333333	-0.026323214	0.033200525	0.050889395	-0.2590243	0.0	0.0	0.0	0.0	-2.2888185e-09	-0.0064934455	0.0	0.0	0.00092500134	-0.0006758169	100.0	0.0	79.0	0.60863185	0.0054994314	300000	28650.04932141304
60	-3.8225489	1.959337	-0.8	-10.0	0.0	0.0	0.0	0.0	48.901962	427.0	0.0014	-0.017649557	0.018492557	0.032080885	-0.07824102	0.0	0.0	0.0	0.0	1.2588501e-08	-0.007908956	0.0	0.0	0.00011980083	-3.6163037e-05	100.0	0.0	79.0	0.6169746	0.006637243	305000	29127.463233232498
61	-3.950505	2.2418144	-0.7	-10.0	0.0	0.0	0.0	0.0	49.838383	427.0	0.0013774193548387096	-0.01920102	0.018959869	0.023480635	-0.08286418	0.0	0.0	0.0	0.0	2.1076202e-08	-0.008923535	0.0	0.0	0.00020959163	-3.3455435e-05	100.0	0.0	79.0	0.6198467	0.0044638743	310000	29609.79749894142
62	-4.129897	2.2929819	-1.4	-10.0	0.010309278	0.10100988	1.0	0.0	51.391754	428.0	0.0013587301587301586	-0.016221026	0.018346325	0.031346407	-0.077989966	0.0	0.0	0.0	0.0	-6.4849854e-09	-0.009423475	0.0	0.0	0.0065409914	-0.0015709139	100.0	0.0	79.0	0.62080234	0.008976538	315000	30085.016998291016
63	-3.708654	1.8113484	-1.4	-10.0	0.0	0.0	0.0	0.0	47.98077	428.0	0.0013375	-0.017886495	0.02499009	0.058001745	-0.27475303	0.0	0.0	0.0	0.0	9.346008e-09	-0.0066153565	0.0	0.0	0.0004423266	-0.00030868524	100.0	0.0	79.0	0.59964865	0.005915275	320000	30563.529688358307
64	-4.3537636	2.2190552	-0.7	-10.0	0.010752688	0.103136174	1.0	0.0	53.591396	429.0	0.00132	-0.020723946	0.020757973	0.06916266	-0.17333141	0.0	0.0	0.0	0.0	1.4686584e-08	-0.0025495896	0.0	0.0	0.004577184	-0.00097223837	100.0	0.0	6.0	0.6105223	0.016346952	325000	31041.45645880699
65	-4.209474	2.3108928	-1.2	-10.0	0.0	0.0	0.0	0.0	52.4	429.0	0.0013	-0.02269521	0.02508564	0.03249018	-0.2524029	0.0	0.0	0.0	0.0	-6.866455e-09	-0.005980689	0.0	0.0	0.00043520983	-0.00028390496	100.0	0.0	79.0	0.57660174	0.0036170757	330000	31520.951048374176
66	-4.1552086	2.435239	-0.6	-10.0	0.0	0.0	0.0	0.0	51.75	429.0	0.001280597014925373	-0.020736981	0.02130919	0.021161888	-0.1645472	0.0	0.0	0.0	0.0	-6.866455e-09	-0.0075762207	0.0	0.0	0.0002254995	-5.4881966e-05	100.0	0.0	79.0	0.56936014	0.004205671	335000	31999.974895000458
67	-4.1354165	2.288148	-0.8	-10.0	0.010416667	0.10152909	1.0	0.0	51.552082	430.0	0.0012647058823529412	-0.019937528	0.01749282	0.030152833	-0.07198661	0.0	0.0	0.0	0.0	9.536744e-10	-0.003343512	0.0	0.0	0.0035259975	-0.000659307	100.0	0.0	4.0	0.5571883	0.016596982	340000	32476.58559703827
68	-4.7057467	2.4873638	-0.9	-10.0	0.0	0.0	0.0	0.0	57.172413	430.0	0.0012463768115942029	-0.018102454	0.032999486	0.10171016	-0.1626732	0.0	0.0	0.0	0.0	1.9073487e-09	-0.006951757	0.0	0.0	0.0007279064	-0.0006038403	100.0	0.0	79.0	0.5441391	0.0059563387	345000	32951.79711532593
69	-4.3612905	2.4351826	-1.0	-10.0	0.0	0.0	0.0	0.0	53.666668	430.0	0.0012285714285714285	-0.01875639	0.021436024	0.032111604	-0.13942511	0.0	0.0	0.0	0.0	-4.577637e-09	-0.007148104	0.0	0.0	0.00024221263	-6.884565e-05	100.0	0.0	79.0	0.55039805	0.0063095354	350000	33426.09695339203
70	-4.1610527	2.1385827	-0.8	-10.0	0.0	0.0	0.0	0.0	52.263157	430.0	0.001211267605633803	-0.02036739	0.018175466	0.022897467	-0.07149455	0.0	0.0	0.0	0.0	-1.7929077e-08	-0.007870818	0.0	0.0	9.121014e-05	-2.5242385e-05	100.0	0.0	79.0	0.5514479	0.0045205103	355000	33902.809032440186
71	-3.7692304	2.1071343	-1.3	-10.0	0.0	0.0	0.0	0.0	48.057693	430.0	0.0011944444444444444	-0.017287323	0.017966883	0.019129844	-0.113744006	0.0	0.0	0.0	0.0	1.6546249e-08	-0.0095641175	0.0	0.0	0.0002173727	-2.9080198e-05	100.0	0.0	79.0	0.53359514	0.0057811285	360000	34383.63131737709
72	-4.1473684	2.053487	-1.2	-10.0	0.0	0.0	0.0	0.0	52.010525	430.0	0.001178082191780822	-0.022498801	0.020319078	0.022117957	-0.082342885	0.0	0.0	0.0	0.0	-1.3065338e-08	-0.00787781	0.0	0.0	0.0001387306	-2.405131e-05	100.0	0.0	79.0	0.55837756	0.004086143	365000	34863.69420385361
73	-3.9877553	2.0036836	-1.2	-10.0	0.0	0.0	0.0	0.0	50.42857	430.0	0.0011621621621621622	-0.018377313	0.018196361	0.01984017	-0.07329981	0.0	0.0	0.0	0.0	1.5068053e-08	-0.0070082196	0.0	0.0	0.00011946862	-1.6324972e-05	100.0	0.0	79.0	0.5540588	0.005214859	370000	35342.36954665184
74	-4.3913975	2.510008	-1.1	-10.0	0.0	0.0	0.0	0.0	53.731182	430.0	0.0011466666666666667	-0.019767419	0.019152245	0.021405572	-0.07720656	0.0	0.0	0.0	0.0	-2.861023e-09	-0.007915003	0.0	0.0	0.00010216992	0.0002086958	100.0	0.0	79.0	0.52937645	0.004673683	375000	35819.44658970833
75	-4.178125	2.3566043	-1.4	-10.0	0.0	0.0	0.0	0.0	51.979168	430.0	0.001131578947368421	-0.0364685	0.019112721	0.0035145825	-0.09982571	0.0	0.0	0.0	0.0	1.0967255e-08	-0.007267871	0.0	0.0	0.00040525914	-0.00024665584	100.0	0.0	79.0	0.51977193	0.004801612	380000	36297.73900079727
76	-3.7718453	1.9566873	-0.9	-10.0	0.0	0.0	0.0	0.0	48.39806	430.0	0.0011168831168831168	-0.019280843	0.01834853	0.023954572	-0.15061286	0.0	0.0	0.0	0.0	5.2452087e-09	-0.007555969	0.0	0.0	0.00015402026	-4.996198e-05	100.0	0.0	79.0	0.55038935	0.0042625605	385000	36777.30664396286
77	-4.370968	2.5777204	-0.8	-10.0	0.010752688	0.10313617	1.0	0.0	53.76344	431.0	0.0011051282051282051	-0.019991618	0.016798025	0.025552997	-0.07855451	0.0	0.0	0.0	0.0	1.5258789e-09	-0.0033230225	0.0	0.0	0.003458954	-0.00069289026	100.0	0.0	6.0	0.519964	0.015228421	390000	37253.34214138985
78	-3.8198018	1.9097986	-0.8	-10.0	0.0	0.0	0.0	0.0	48.980198	431.0	0.0010911392405063291	-0.021064088	0.028932039	0.059409916	-0.20821421	0.0	0.0	0.0	0.0	9.727478e-09	-0.0061696875	0.0	0.0	0.0004980679	-0.0004307839	100.0	0.0	79.0	0.5133519	0.0036634132	395000	37736.592415332794
79	-4.243617	2.1534514	-1.0	-10.0	0.0	0.0	0.0	0.0	52.851063	431.0	0.0010775	-0.016363546	0.016099893	0.03425638	-0.070608735	0.0	0.0	0.0	0.0	5.722046e-09	-0.008448947	0.0	0.0	0.00012516609	-2.6702743e-05	100.0	0.0	79.0	0.50106573	0.005628722	400000	38216.24545073509
80	-3.5490737	1.9568255	-1.2	-10.0	0.0	0.0	0.0	0.0	46.185184	431.0	0.0010641975308641975	-0.016974011	0.018978868	0.026955225	-0.097072005	0.0	0.0	0.0	0.0	3.0517577e-09	-0.0044469624	0.0	0.0	0.0001083053	-1.8717452e-05	100.0	0.0	79.0	0.52320576	0.0029467824	405000	38696.44763612747
81	-3.9009998	2.154321	-1.1	-10.0	0.0	0.0	0.0	0.0	49.57	431.0	0.001051219512195122	-0.018074978	0.017278185	0.021973245	-0.06744076	0.0	0.0	0.0	0.0	1.9550324e-08	-0.008019435	0.0	0.0	0.00011366206	-1.4756217e-05	100.0	0.0	79.0	0.5237083	0.0052002934	410000	39171.792273044586
82	-3.9259996	2.0205257	-1.0	-10.0	0.0	0.0	0.0	0.0	49.82	431.0	0.0010385542168674699	-0.018142244	0.017057685	0.022358177	-0.06917096	0.0	0.0	0.0	0.0	1.8978119e-08	-0.007785637	0.0	0.0	0.00012703423	-2.402717e-05	100.0	0.0	79.0	0.51712155	0.0050729616	415000	39651.43090200424
83	-4.4285717	2.3314517	-1.2	-10.0	0.0	0.0	0.0	0.0	54.56044	431.0	0.0010261904761904761	-0.021498147	0.01767514	0.034082994	-0.0708917	0.0	0.0	0.0	0.0	-5.102158e-09	-0.009925719	0.0	0.0	0.00019232149	-3.272765e-05	100.0	0.0	79.0	0.5309883	0.00712565	420000	40125.356974601746
84	-3.8683164	2.003607	-1.0	-10.0	0.0	0.0	0.0	0.0	49.138615	431.0	0.0010141176470588235	-0.02001152	0.02022528	0.039327063	-0.077852845	0.0	0.0	0.0	0.0	3.528595e-09	-0.008901255	0.0	0.0	0.00012613293	-1.7324463e-05	100.0	0.0	79.0	0.48813525	0.00477038	425000	40603.51168465614
85	-4.046939	2.2825963	-1.1	-10.0	0.0	0.0	0.0	0.0	50.908165	431.0	0.0010023255813953488	-0.020236377	0.018999103	0.04545239	-0.07130354	0.0	0.0	0.0	0.0	-8.5830685e-09	-0.009150978	0.0	0.0	0.0001231307	-4.0763094e-05	100.0	0.0	79.0	0.47055995	0.0053609535	430000	41077.33209633827
86	-3.918	1.9466063	-1.1	-10.0	0.0	0.0	0.0	0.0	49.85	431.0	0.0009908045977011495	-0.018464541	0.017844304	0.03638127	-0.10729169	0.0	0.0	0.0	0.0	-1.0681152e-08	-0.007204511	0.0	0.0	0.00014448763	-5.3206364e-05	100.0	0.0	79.0	0.50111365	0.004269516	435000	41555.23661828041
87	-4.012121	2.249232	-1.3	-10.0	0.0	0.0	0.0	0.0	50.454544	431.0	0.0009795454545454545	-0.018352661	0.018456303	0.02711201	-0.06732098	0.0	0.0	0.0	0.0	-7.629395e-09	-0.0061819865	0.0	0.0	0.00011855271	-2.3866945e-05	100.0	0.0	79.0	0.48228475	0.0040812837	440000	42033.373388528824
88	-3.964	2.148931	-1.1	-10.0	0.0	0.0	0.0	0.0	49.98	431.0	0.0009685393258426966	-0.017476236	0.023950493	0.022261526	-0.14639975	0.0	0.0	0.0	0.0	8.773804e-09	-0.006678011	0.0	0.0	0.00014355827	-2.853859e-05	100.0	0.0	79.0	0.47225893	0.003662333	445000	42514.09070491791
89	-3.783495	2.0900176	-1.1	-10.0	0.0	0.0	0.0	0.0	48.40777	431.0	0.0009577777777777778	-0.017638806	0.01927128	0.054292135	-0.09802818	0.0	0.0	0.0	0.0	7.6293943e-10	-0.007703875	0.0	0.0	0.00015157805	-3.6920464e-05	100.0	0.0	79.0	0.47815016	0.0036255429	450000	42992.26194691658
90	-3.8049018	1.960811	-1.3	-10.0	0.009803922	0.098528214	1.0	0.0	48.617645	432.0	0.0009494505494505494	-0.017417422	0.017981173	0.019490357	-0.098882556	0.0	0.0	0.0	0.0	4.301071e-08	-0.0029418808	0.0	0.0	0.005849738	-0.00062771	100.0	0.0	7.0	0.48022026	0.01372742	455000	43471.379732608795
91	-3.9858587	2.2854395	-1.3	-10.0	0.0	0.0	0.0	0.0	50.080807	432.0	0.0009391304347826087	-0.02849169	0.025180398	0.05049322	-0.16532639	0.0	0.0	0.0	0.0	-1.2588501e-08	-0.0073480615	0.0	0.0	0.0005032284	-0.00039261623	100.0	0.0	79.0	0.44458038	0.004566036	460000	43950.25495862961
92	-4.096939	2.333188	-1.2	-10.0	0.010204081	0.10049855	1.0	0.0	50.84694	433.0	0.0009311827956989247	-0.020017145	0.019181693	0.044527262	-0.086675435	0.0	0.0	0.0	0.0	4.386902e-09	-0.002127932	0.0	0.0	0.0031505406	-0.00024003652	100.0	0.0	79.0	0.4426189	0.006375646	465000	44431.36981868744
93	-3.840196	2.0937	-1.2	-10.0	0.0	0.0	0.0	0.0	48.862743	433.0	0.0009212765957446809	-0.022133714	0.023224361	0.028075371	-0.18236712	0.0	0.0	0.0	0.0	2.861023e-10	-0.004673685	0.0	0.0	0.0003423131	-0.00020396984	100.0	0.0	79.0	0.483316	0.0041302294	470000	44907.44322013855
94	-3.7365384	1.6517507	-0.9	-10.0	0.01923077	0.13733517	1.0	0.0	48.048077	435.0	0.0009157894736842105	-0.01875721	0.01768481	0.03859382	-0.074398234	0.0	0.0	0.0	0.0	1.142025e-08	-0.002351137	0.0	0.0	0.010991101	-0.0052288724	100.0	0.0	4.0	0.47486183	0.012570522	475000	45385.94923424721
95	-4.0278354	1.9667201	-1.0	-10.0	0.0	0.0	0.0	0.0	50.938145	435.0	0.00090625	-0.024600413	0.053589292	0.23492344	-0.37578514	0.0	0.0	0.0	0.0	1.3351441e-08	-0.0066064666	0.0	0.0	0.0026428755	-0.0025521556	100.0	0.0	79.0	0.4708245	0.00542719	480000	45867.29730582237
96	-4.429348	2.505843	-0.9	-10.0	0.010869565	0.10368904	1.0	0.0	54.217392	436.0	0.0008989690721649485	-0.01855644	0.016532693	0.020339465	-0.08119972	0.0	0.0	0.0	0.0	1.3446808e-08	-0.004160859	0.0	0.0	0.0065511595	-0.0020088581	100.0	0.0	79.0	0.4467495	0.006141533	485000	46348.02797079086
97	-3.8077672	2.2249115	-1.0	-10.0	0.0	0.0	0.0	0.0	48.54369	436.0	0.000889795918367347	-0.023432972	0.04086607	0.118461944	-0.3737898	0.0	0.0	0.0	0.0	-2.2888185e-09	-0.006157917	0.0	0.0	0.0012853498	-0.00116208	100.0	0.0	79.0	0.4205879	0.0060807304	490000	46828.64326047897
98	-3.9858584	2.0995915	-1.3	-10.0	0.0	0.0	0.0	0.0	50.303032	436.0	0.0008808080808080808	-0.01858445	0.018560888	0.04014919	-0.10067784	0.0	0.0	0.0	0.0	3.8146974e-09	-0.006235265	0.0	0.0	0.00015158422	-5.6218443e-05	100.0	0.0	79.0	0.44395435	0.0046435003	495000	47304.919189453125
99	-3.5420558	1.797664	-0.9	-10.0	0.0	0.0	0.0	0.0	46.214954	436.0	0.000872	-0.016999291	0.018660529	0.031553995	-0.10064404	0.0	0.0	0.0	0.0	-9.536743e-09	-0.0069800094	0.0	0.0	0.000128301	-5.7919802e-05	100.0	0.0	79.0	0.40872654	0.0047324747	500000	47782.86112308502
100	-3.9868686	2.2892654	-1.2	-10.0	0.0	0.0	0.0	0.0	50.090908	436.0	0.0008633663366336634	-0.017583754	0.016984763	0.026725598	-0.084518954	0.0	0.0	0.0	0.0	-4.386902e-09	-0.006096944	0.0	0.0	0.00017940288	-3.900392e-05	100.0	0.0	79.0	0.42826298	0.003483584	505000	48261.452870607376
101	-3.9640002	2.2004328	-1.1	-10.0	0.0	0.0	0.0	0.0	49.98	436.0	0.0008549019607843137	-0.019447241	0.018972505	0.06321855	-0.093570076	0.0	0.0	0.0	0.0	5.102158e-09	-0.008879508	0.0	0.0	0.00016024272	-4.983513e-05	100.0	0.0	79.0	0.41906807	0.0052000694	510000	48737.99708557129
102	-3.9606063	2.2702208	-0.9	-10.0	0.02020202	0.14069079	1.0	0.0	49.82828	438.0	0.0008504854368932039	-0.019964492	0.0192105	0.057850692	-0.0949825	0.0	0.0	0.0	0.0	-1.1348725e-08	-0.007657272	0.0	0.0	0.013007119	-0.006589262	100.0	0.0	14.0	0.42495558	0.014338437	515000	49215.670293569565
103	-4.028571	2.0273638	-0.9	-10.0	0.0	0.0	0.0	0.0	50.94898	438.0	0.0008423076923076923	-0.038396247	0.07299726	0.08307888	-0.51123816	0.0	0.0	0.0	0.0	-9.918213e-09	-0.008595124	0.0	0.0	0.0038678367	-0.0032759781	100.0	0.0	79.0	0.47426963	0.006377906	520000	49695.11401224136
104	-3.7192307	2.1324904	-0.7	-10.0	0.0	0.0	0.0	0.0	47.66346	438.0	0.0008342857142857143	-0.02349889	0.04178502	0.0596939	-0.2870657	0.0	0.0	0.0	0.0	-9.536744e-10	-0.0052627823	0.0	0.0	0.0006645183	-0.0003517131	100.0	0.0	79.0	0.42588544	0.0033149947	525000	50189.17794799805
105	-3.8534656	1.966228	-1.2	-10.0	0.0	0.0	0.0	0.0	49.316833	438.0	0.0008264150943396226	-0.020991422	0.026754672	0.028482398	-0.24772628	0.0	0.0	0.0	0.0	7.247925e-09	-0.009073973	0.0	0.0	0.00029073277	-0.00016221369	100.0	0.0	79.0	0.43979442	0.0049335044	530000	50671.04417991638
106	-3.4754543	1.9065051	-1.0	-10.0	0.0	0.0	0.0	0.0	45.454544	438.0	0.0008186915887850467	-0.014083167	0.01779812	0.027720664	-0.11510749	0.0	0.0	0.0	0.0	-3.2424927e-09	-0.0051816395	0.0	0.0	0.00014334799	-3.9374936e-05	100.0	0.0	79.0	0.4078246	0.0033079719	535000	51170.34610915184
107	-4.0510206	2.18983	-1.1	-10.0	0.0	0.0	0.0	0.0	50.72449	438.0	0.0008111111111111111	-0.019954534	0.017992547	0.017281305	-0.09500039	0.0	0.0	0.0	0.0	7.4386595e-09	-0.00545215	0.0	0.0	0.00020620723	-5.320624e-05	100.0	0.0	79.0	0.4395457	0.0031786566	540000	51681.423515319824
108	-3.8137255	2.2966745	-0.9	-10.0	0.0	0.0	0.0	0.0	48.382355	438.0	0.0008036697247706422	-0.020380136	0.024018683	0.05451217	-0.12046257	0.0	0.0	0.0	0.0	4.005432e-09	-0.007867002	0.0	0.0	0.00018618329	-5.072767e-05	100.0	0.0	79.0	0.4345876	0.0042459625	545000	52161.49908685684
109	-3.8839996	2.2020316	-0.9	-10.0	0.0	0.0	0.0	0.0	49.4	438.0	0.0007963636363636364	-0.020661987	0.021442829	0.019702794	-0.09830542	0.0	0.0	0.0	0.0	1.1539459e-08	-0.0060156146	0.0	0.0	0.000117831245	-2.313513e-05	100.0	0.0	79.0	0.41268632	0.0034955682	550000	52641.623282432556
110	-3.975	2.2334893	-1.1	-10.0	0.01	0.09949875	1.0	0.0	49.98	439.0	0.000790990990990991	-0.02143074	0.02152354	0.025745086	-0.098504275	0.0	0.0	0.0	0.0	-7.343292e-09	-0.00072757446	0.0	0.0	0.0038284652	-0.00063430355	100.0	0.0	3.0	0.42360967	0.02588752	555000	53119.86030340195
111	-3.6367924	1.49296	-1.3	-10.0	0.009433962	0.09666934	1.0	0.0	47.160378	440.0	0.0007857142857142857	-0.016687507	0.026070923	0.055733435	-0.3256277	0.0	0.0	0.0	0.0	-2.2888185e-09	-0.0030306035	0.0	0.0	0.0030920499	-0.00040993863	100.0	0.0	79.0	0.4258959	0.0045592445	560000	53601.64885997772
112	-4.09898	2.3623533	-1.1	-10.0	0.0	0.0	0.0	0.0	50.97959	440.0	0.0007787610619469027	-0.01954009	0.022658378	0.08835145	-0.1636757	0.0	0.0	0.0	0.0	2.0217895e-08	-0.006169165	0.0	0.0	0.00034192897	-0.00020942511	100.0	0.0	79.0	0.42745665	0.0039386665	565000	54083.168630599976
113	-4.206316	2.0468621	-1.2	-10.0	0.0	0.0	0.0	0.0	52.6	440.0	0.0007719298245614035	-0.021612901	0.020290263	0.018088821	-0.102487214	0.0	0.0	0.0	0.0	2.155304e-08	-0.007342965	0.0	0.0	0.00012657898	-3.488418e-05	100.0	0.0	79.0	0.43408623	0.00691681	570000	54561.836512088776
114	-3.6847618	1.8539934	-0.9	-10.0	0.0	0.0	0.0	0.0	47.533333	440.0	0.0007652173913043479	-0.017082827	0.019586187	0.023606043	-0.12525068	0.0	0.0	0.0	0.0	-6.2942505e-09	-0.008291641	0.0	0.0	9.824123e-05	-2.724093e-05	100.0	0.0	79.0	0.42192608	0.005161708	575000	55044.44247531891
115	-3.9878786	1.9442884	-0.8	-10.0	0.0	0.0	0.0	0.0	50.434345	440.0	0.0007586206896551724	-0.016516931	0.016694993	0.023782406	-0.081223324	0.0	0.0	0.0	0.0	-5.722046e-09	-0.0073371525	0.0	0.0	8.4798325e-05	8.317353e-05	100.0	0.0	79.0	0.4817881	0.0058910046	580000	55521.47755527496
116	-3.7266665	2.252206	-0.6	-10.0	0.0	0.0	0.0	0.0	47.533333	440.0	0.0007521367521367521	-0.027617138	0.019589711	0.040179513	-0.109107405	0.0	0.0	0.0	0.0	-2.0885468e-08	-0.0060654846	0.0	0.0	0.00021606807	-7.7847435e-05	100.0	0.0	79.0	0.40804887	0.0039260583	585000	56000.138040065765
117	-3.8137255	2.1361978	-0.8	-10.0	0.0	0.0	0.0	0.0	48.705883	440.0	0.0007457627118644068	-0.018949676	0.017312562	0.020576548	-0.09384408	0.0	0.0	0.0	0.0	-1.3923645e-08	-0.0072965324	0.0	0.0	9.550121e-05	-2.9292547e-05	100.0	0.0	79.0	0.39944306	0.005644249	590000	56474.77925276756
118	-3.830392	1.9155089	-1.4	-10.0	0.009803922	0.09852821	1.0	0.0	48.764706	441.0	0.0007411764705882353	-0.016726607	0.016539903	0.054428536	-0.09994838	0.0	0.0	0.0	0.0	-3.1471252e-09	-0.002124096	0.0	0.0	0.0035049813	-0.00051395013	100.0	0.0	4.0	0.3903521	0.010706254	595000	56952.29715824127
119	-4.2073693	2.2129877	-1.3	-10.0	0.0	0.0	0.0	0.0	52.610527	441.0	0.000735	-0.023211338	0.027610958	0.023163455	-0.15897483	0.0	0.0	0.0	0.0	7.629395e-09	-0.005209274	0.0	0.0	0.00041938305	-0.00026574035	100.0	0.0	79.0	0.3787864	0.003637805	600000	57428.11962342262
120	-4.003061	2.1733289	-1.2	-10.0	0.0	0.0	0.0	0.0	50.581635	441.0	0.0007289256198347107	-0.019697424	0.019662453	0.06609967	-0.109900564	0.0	0.0	0.0	0.0	-9.536743e-09	-0.0075846817	0.0	0.0	0.0001396518	-6.020636e-05	100.0	0.0	79.0	0.40453613	0.0053587276	605000	57906.14389657974
121	-3.8860002	1.9080367	-0.9	-10.0	0.0	0.0	0.0	0.0	49.64	441.0	0.0007229508196721311	-0.016898878	0.016637426	0.028470237	-0.06805397	0.0	0.0	0.0	0.0	-6.3896177e-09	-0.0064526172	0.0	0.0	7.3844814e-05	-1.1224925e-05	100.0	0.0	79.0	0.38045245	0.004318403	610000	58386.14617776871
122	-4.2542553	2.0790067	-0.8	-10.0	0.0	0.0	0.0	0.0	53.074467	441.0	0.0007170731707317073	-0.018272504	0.01661667	0.035704322	-0.06857859	0.0	0.0	0.0	0.0	7.247925e-09	-0.006796048	0.0	0.0	0.00010442295	-2.929243e-05	100.0	0.0	79.0	0.3969082	0.0036859734	615000	58862.61451458931
123	-3.7142856	2.0760965	-0.7	-10.0	0.0	0.0	0.0	0.0	47.514286	441.0	0.0007112903225806452	-0.018426782	0.02026412	0.026881924	-0.082924	0.0	0.0	0.0	0.0	-7.534027e-09	-0.0072598406	0.0	0.0	0.000165407	-3.165529e-05	100.0	0.0	79.0	0.38403776	0.00442149	620000	59342.598449230194
124	-4.644318	2.3955858	-0.7	-10.0	0.0	0.0	0.0	0.0	56.44318	441.0	0.0007056	-0.025838165	0.026331041	0.027730292	-0.12259391	0.0	0.0	0.0	0.0	-2.4700165e-08	-0.0068998197	0.0	0.0	0.00014148308	-3.2786935e-05	100.0	0.0	79.0	0.37548974	0.0041217976	625000	59819.43841409683
125	-3.7038093	2.0327754	-1.3	-10.0	0.0	0.0	0.0	0.0	47.514286	441.0	0.0007	-0.020122465	0.025151793	0.029894374	-0.1322519	0.0	0.0	0.0	0.0	-1.7166137e-09	-0.007173945	0.0	0.0	0.00013499928	-5.2166382e-05	100.0	0.0	79.0	0.3379124	0.0038739315	630000	60297.703290462494
126	-4.0968747	2.2264254	-1.5	-10.0	0.0	0.0	0.0	0.0	51.510418	441.0	0.000694488188976378	-0.018594358	0.019332191	0.07502555	-0.08617276	0.0	0.0	0.0	0.0	-9.059906e-09	-0.0064186314	0.0	0.0	0.00014899956	-3.5041958e-05	100.0	0.0	79.0	0.35860795	0.003782853	635000	60774.88142800331
127	-4.0670104	2.158499	-1.4	-10.0	0.0	0.0	0.0	0.0	51.216496	441.0	0.0006890625	-0.01941104	0.018062146	0.03148149	-0.07990457	0.0	0.0	0.0	0.0	7.247925e-09	-0.0059951493	0.0	0.0	9.707115e-05	-1.8102299e-05	100.0	0.0	79.0	0.37698033	0.0033619315	640000	61251.99876213074
128	-4.0916667	2.2515583	-1.4	-10.0	0.0	0.0	0.0	0.0	51.229168	441.0	0.0006837209302325582	-0.01967327	0.019761138	0.027421024	-0.0868622	0.0	0.0	0.0	0.0	-9.63211e-09	-0.0090382155	0.0	0.0	0.00016149871	-4.490299e-05	100.0	0.0	79.0	0.3361457	0.00351989	645000	61732.689009428024
129	-4.2606378	2.2111044	-1.2	-10.0	0.0	0.0	0.0	0.0	53.138298	441.0	0.0006784615384615385	-0.020908365	0.018974504	0.026662659	-0.08241868	0.0	0.0	0.0	0.0	1.335144e-09	-0.007421659	0.0	0.0	0.00012540563	-2.690369e-05	100.0	0.0	79.0	0.3728539	0.004179315	650000	62209.85887885094
130	-3.7115386	1.7640812	-1.1	-10.0	0.0	0.0	0.0	0.0	48.009617	441.0	0.0006732824427480916	-0.016252527	0.016464189	0.026363788	-0.0724516	0.0	0.0	0.0	0.0	-1.5640259e-08	-0.007582375	0.0	0.0	6.488175e-05	-3.5414938e-05	100.0	0.0	79.0	0.3272379	0.004072342	655000	62690.698979854584
131	-4.0234694	2.1455128	-1.4	-10.0	0.0	0.0	0.0	0.0	50.785713	441.0	0.0006681818181818182	-0.016078178	0.016211983	0.038788944	-0.06296646	0.0	0.0	0.0	0.0	-4.2915344e-10	-0.0050124177	0.0	0.0	8.754914e-05	-1.9790401e-05	100.0	0.0	79.0	0.34324214	0.0033098413	660000	63152.42231678963
132	-3.757692	2.165849	-0.9	-10.0	0.0	0.0	0.0	0.0	48.048077	441.0	0.0006631578947368421	-0.018516626	0.019835033	0.0893886	-0.08082459	0.0	0.0	0.0	0.0	-2.861023e-10	-0.0065634595	0.0	0.0	0.00012409575	-4.3480322e-05	100.0	0.0	79.0	0.33305025	0.00446115	665000	63619.04214835167
133	-3.8702972	2.0287313	-1.4	-10.0	0.0	0.0	0.0	0.0	49.48515	441.0	0.0006582089552238807	-0.01755119	0.018681066	0.023124766	-0.08308973	0.0	0.0	0.0	0.0	1.039505e-08	-0.0071645817	0.0	0.0	0.00011549208	2.9617244e-05	100.0	0.0	79.0	0.3117993	0.0053209397	670000	64078.823237895966
134	-3.8333333	2.0256848	-1.0	-10.0	0.0	0.0	0.0	0.0	48.901962	441.0	0.0006533333333333333	-0.025682928	0.01731897	0.019415988	-0.08958503	0.0	0.0	0.0	0.0	2.3460387e-08	-0.0057015284	0.0	0.0	0.0001892285	-8.800344e-05	100.0	0.0	79.0	0.30795562	0.0030970462	675000	64533.702795505524
135	-3.7872546	1.994142	-0.6	-10.0	0.0	0.0	0.0	0.0	48.656864	441.0	0.0006485294117647059	-0.017795151	0.019453978	0.024377227	-0.12020866	0.0	0.0	0.0	0.0	-3.3378602e-09	-0.0055845953	0.0	0.0	9.819358e-05	-2.4507797e-05	100.0	0.0	79.0	0.3279452	0.003266925	680000	64998.64298963547
136	-3.794175	1.9980488	-0.9	-10.0	0.0	0.0	0.0	0.0	48.514565	441.0	0.0006437956204379562	-0.014890766	0.01755422	0.025788223	-0.08695127	0.0	0.0	0.0	0.0	-8.392334e-09	-0.0070763137	0.0	0.0	0.00011789052	-3.094974e-05	100.0	0.0	79.0	0.31219107	0.003989301	685000	65458.61859560013
137	-3.6660378	2.245452	-0.8	-10.0	0.0	0.0	0.0	0.0	46.83019	441.0	0.0006391304347826087	-0.016821247	0.018126713	0.027176403	-0.07327225	0.0	0.0	0.0	0.0	8.010864e-09	-0.0071862917	0.0	0.0	0.00011160917	-2.3747067e-05	100.0	0.0	79.0	0.3030788	0.004912624	690000	65925.67681407928
138	-3.9079206	2.4442976	-0.9	-10.0	0.0	0.0	0.0	0.0	49.20792	441.0	0.0006345323741007194	-0.020393401	0.020674156	0.02789178	-0.114040256	0.0	0.0	0.0	0.0	-7.247925e-09	-0.006161063	0.0	0.0	0.00021081191	-3.2697804e-05	100.0	0.0	79.0	0.30933872	0.0044271643	695000	66386.47323155403
139	-4.050505	2.5367749	-0.9	-10.0	0.0	0.0	0.0	0.0	50.50505	441.0	0.00063	-0.02576578	0.026038645	0.023953067	-0.13011184	0.0	0.0	0.0	0.0	1.4972686e-08	-0.007810739	0.0	0.0	0.00023590283	-5.289438e-05	100.0	0.0	79.0	0.31771937	0.00299096	700000	66878.27122974396
140	-3.6377356	2.0712523	-1.2	-10.0	0.0	0.0	0.0	0.0	46.85849	441.0	0.000625531914893617	-0.020041175	0.027373804	0.031112667	-0.1318856	0.0	0.0	0.0	0.0	9.441376e-09	-0.006326203	0.0	0.0	0.00020274777	-7.944886e-05	100.0	0.0	79.0	0.30462614	0.0027972145	705000	67352.16716980934
141	-4.0948453	2.2654905	-1.1	-10.0	0.0	0.0	0.0	0.0	51.26804	441.0	0.0006211267605633802	-0.020014202	0.020129204	0.0308186	-0.11239094	0.0	0.0	0.0	0.0	-7.820129e-09	-0.006892217	0.0	0.0	0.00014294946	-3.155377e-05	100.0	0.0	79.0	0.3505584	0.003277015	710000	67811.36013650894
142	-4.273404	2.2627969	-1.2	-10.0	0.0	0.0	0.0	0.0	53.031914	441.0	0.0006167832167832168	-0.02266447	0.020896086	0.029174415	-0.10219906	0.0	0.0	0.0	0.0	3.8146974e-09	-0.008557616	0.0	0.0	0.00012752406	-4.1997453e-05	100.0	0.0	79.0	0.29667428	0.008081003	715000	68267.15775609016
143	-3.3729727	1.6589884	-0.8	-8.9	0.0	0.0	0.0	0.0	44.72973	441.0	0.0006125	-0.013922653	0.015606011	0.083310954	-0.063061476	0.0	0.0	0.0	0.0	-8.010864e-09	-0.005873863	0.0	0.0	4.6280147e-05	-1.8229219e-05	100.0	0.0	79.0	0.3242544	0.0028823586	720000	68734.23465776443
144	-3.7365384	1.9528607	-0.9	-10.0	0.0	0.0	0.0	0.0	47.942307	441.0	0.0006082758620689655	-0.017629147	0.019844875	0.078010716	-0.11737521	0.0	0.0	0.0	0.0	-5.340576e-09	-0.0050679524	0.0	0.0	0.00011638557	0.000109604276	100.0	0.0	79.0	0.28170034	0.003529101	725000	69198.65705871582
145	-3.4363635	1.7427632	-0.9	-10.0	0.009090909	0.09491189	1.0	0.0	45.063637	442.0	0.0006054794520547946	-0.0024471032	0.017006923	0.105614744	-0.075178504	0.0	0.0	0.0	0.0	-2.2315978e-08	-0.0051245727	0.0	0.0	0.0076922453	-0.0032999692	100.0	0.0	79.0	0.27758634	0.0045351614	730000	69661.75659370422
146	-3.8215687	2.0049267	-1.2	-10.0	0.009803922	0.09852821	1.0	0.0	48.89216	443.0	0.0006027210884353741	-0.03233917	0.06329724	0.14592879	-0.4582835	0.0	0.0	0.0	0.0	-8.5830687e-10	-0.0041466695	0.0	0.0	0.007932254	-0.0028512669	100.0	0.0	79.0	0.2978545	0.004937401	735000	70120.33330917358
147	-4.031633	2.2969632	-0.7	-10.0	0.0	0.0	0.0	0.0	50.867348	443.0	0.0005986486486486487	-0.021652045	0.019964267	0.034804724	-0.14749591	0.0	0.0	0.0	0.0	-5.722046e-10	-0.0062075704	0.0	0.0	0.00025116172	-0.00014557113	100.0	0.0	79.0	0.32300228	0.0041854475	740000	70578.35118508339
148	-3.6885712	1.979	-1.0	-10.0	0.0	0.0	0.0	0.0	47.57143	443.0	0.0005946308724832215	-0.017078357	0.017483093	0.03302067	-0.11138336	0.0	0.0	0.0	0.0	-9.727478e-09	-0.0055728112	0.0	0.0	9.069267e-05	-2.2753462e-05	100.0	0.0	79.0	0.31707448	0.0031857754	745000	71032.13672733307
149	-4.1453605	2.3699589	-1.3	-10.0	0.0	0.0	0.0	0.0	51.43299	443.0	0.0005906666666666666	-0.022050064	0.022927359	0.09775181	-0.10688095	0.0	0.0	0.0	0.0	9.155274e-09	-0.007565465	0.0	0.0	0.00022190991	-6.627101e-05	100.0	0.0	79.0	0.27431726	0.004272254	750000	71486.85910272598
