Epoch	AverageEpRet	StdEpRet	MaxEpRet	MinEpRet	AverageEpCost	StdEpCost	MaxEpCost	MinEpCost	EpLen	CumulativeCost	CostRate	AverageVVals	StdVVals	MaxVVals	MinVVals	AverageCostVVals	StdCostVVals	MaxCostVVals	MinCostVVals	LossPi	DeltaLossPi	SurrCost	DeltaSurrCost	LossV	DeltaLossV	LossVC	DeltaLossVC	Penalty	DeltaPenalty	StopIter	Entropy	KL	TotalEnvInteracts	Time
0	-1.336502	1.0411122	-0.3	-7.3	0.53231937	0.49895436	1.0	0.0	18.927757	140.0	0.028	-0.11121298	0.4016681	0.8227	-1.0515018	0.41052422	0.16088833	0.8596957	-0.106076404	2.895702e-09	-0.0015564339	1.5258789e-09	-0.003360977	1.2864559	-0.77139086	0.2708356	-0.12755126	10.0	2.000965	4.0	1.0844665	0.017088214	5000	431.94143056869507
1	-1.7376745	1.3932476	-0.3	-6.9	0.4883721	0.4998648	1.0	0.0	23.15814	245.0	0.0245	-0.68704385	0.6335003	0.93455386	-2.8756044	0.27468988	0.23680946	1.3125339	-0.33408144	5.9128693e-09	-0.0024938984	7.1048736e-09	-0.006309015	0.91444355	-0.31021482	0.12750512	-0.014446676	12.000965	1.9202299	5.0	1.0842881	0.024288332	10000	906.2168197631836
2	-2.967164	2.3572934	-0.3	-10.0	0.30597016	0.46081707	1.0	0.0	37.22388	286.0	0.019066666666666666	-1.0130457	0.8973166	1.4323463	-3.6482027	0.13724472	0.22039369	0.90784436	-0.3502233	2.366427e-09	-0.0007104315	9.059906e-10	-0.0032946253	1.7759196	-0.5831449	0.08790198	-0.025448512	13.921195	1.4410849	6.0	1.0598805	0.017788503	15000	1380.113781452179
3	-4.8685393	3.0723703	-0.3	-10.0	0.20224719	0.40167558	1.0	0.0	56.101124	304.0	0.0152	-1.7771345	1.1696353	1.5952965	-5.183771	0.09359007	0.14071822	1.254287	-0.17320381	-1.0027499e-09	-0.0013824957	-1.7881393e-09	-0.0012753778	2.741353	-0.64903545	0.03692053	-0.007783469	15.36228	1.0453568	13.0	1.0321252	0.013068725	20000	1839.168953180313
4	-4.5362635	2.5123658	-0.4	-10.0	0.0989011	0.29852918	1.0	0.0	54.912086	313.0	0.01252	-2.520199	1.4800096	2.0315855	-6.045717	0.065300986	0.10042172	0.59092104	-0.16959646	-2.3720599e-09	-0.001498806	-2.2172928e-09	-0.0009480509	1.990659	-0.57406235	0.022909805	-0.0057987887	16.407637	0.59661674	72.0	0.99409413	0.012233302	25000	2305.6654455661774
5	-4.5833335	2.4100368	-0.6	-10.0	0.1	0.29999998	1.0	0.0	55.122223	322.0	0.010733333333333333	-2.250843	1.5974638	2.5552473	-7.754453	0.029675428	0.06699346	0.78144175	-0.08836747	-1.8143479e-09	-0.0011683484	-6.198883e-10	-0.00087236095	1.429604	-0.4493482	0.021185175	-0.0036545843	17.004253	0.53534317	71.0	0.97179514	0.012066928	30000	2777.9906842708588
6	-3.9582524	2.35044	-0.4	-10.0	0.16504854	0.37122428	1.0	0.0	48.339806	339.0	0.009685714285714285	-2.0910368	1.5953453	2.4919913	-5.9307575	0.037074495	0.07486555	0.938069	-0.12308196	6.6642575e-10	-0.0010021488	1.335144e-09	-0.0021307978	1.2233263	-0.16664386	0.038145613	-0.0062055327	17.539597	0.92048645	6.0	0.9301048	0.021140741	35000	3246.4206891059875
7	-4.1354165	2.000728	-0.4	-10.0	0.052083332	0.22219509	1.0	0.0	51.552082	344.0	0.0086	-1.932604	1.6793083	2.9445047	-5.9307966	0.03604492	0.07760003	0.9041505	-0.20886004	-6.299577e-11	-0.0012957648	5.4836274e-10	-0.0013012178	1.0118638	-0.1869995	0.01955556	-0.005059218	18.460083	0.4609928	77.0	0.88006854	0.012263049	40000	3715.1164977550507
8	-3.570909	1.8569449	-0.3	-10.0	0.16363636	0.3699453	1.0	0.0	45.109093	362.0	0.008044444444444444	-1.6883965	1.4853716	2.2530954	-5.231875	0.029448688	0.05972547	0.37867355	-0.09312044	-3.724475e-10	-0.0006691656	-1.2993813e-09	-0.0015225861	0.85368186	-0.195988	0.04318755	-0.010115661	18.921076	0.96570015	9.0	0.8609371	0.014690629	45000	4183.300041675568
9	-4.301064	2.0218222	-0.5	-10.0	0.07446808	0.26253113	1.0	0.0	52.723404	369.0	0.00738	-1.6677465	1.4598879	1.7620534	-6.059627	0.037714634	0.08332299	0.53516257	-0.21177153	-8.995622e-10	-0.00036267613	-1.9669533e-10	-0.0012664205	0.9781086	-0.19800478	0.02592636	-0.0037897862	19.886776	0.6576271	9.0	0.7897916	0.015045101	50000	4649.876258850098
10	-4.4423914	2.065621	-0.4	-10.0	0.06521739	0.24690907	1.0	0.0	53.989132	375.0	0.006818181818181818	-1.7687318	1.5125519	1.9413251	-6.136294	0.04265665	0.07216519	0.42080355	-0.12108386	-1.4715554e-09	-0.0007805853	-1.4781952e-09	-0.0009378594	1.0106063	-0.17786539	0.029816113	-0.0026350413	20.544403	0.4871006	79.0	0.7380121	0.010387148	55000	5120.110331296921
11	-4.5707865	2.014621	-0.4	-10.0	0.033707865	0.18047617	1.0	0.0	55.842697	378.0	0.0063	-1.9417738	1.6268331	1.7001541	-6.2403073	0.03727368	0.072723985	0.65092677	-0.15260398	-8.7923824e-10	-0.0007855651	7.748604e-10	-0.0008669025	1.1932651	-0.1849531	0.014588635	-0.0022028787	21.031504	0.27000046	79.0	0.6888561	0.010978414	60000	5588.234124660492
12	-5.120732	2.3644593	-2.1	-10.0	0.024390243	0.15425743	1.0	0.0	60.59756	380.0	0.005846153846153846	-2.159333	1.5755924	1.7100382	-5.979922	0.04148024	0.066088095	0.6358375	-0.1339412	-2.9224265e-10	-0.00040757123	-9.775162e-10	-0.00032006062	1.720153	-0.69808793	0.011727522	-0.0013053939	21.301504	0.14847946	79.0	0.6903061	0.004327633	65000	6053.778235912323
13	-4.7662787	2.1365921	-0.8	-10.0	0.023255814	0.1507149	1.0	0.0	57.639534	382.0	0.0054571428571428575	-2.2331164	1.8142371	1.6032101	-7.6652126	0.024389178	0.040146966	0.4995975	-0.06361663	1.1608438e-09	-0.0010213741	1.0371208e-09	-0.0010389615	1.7484844	-0.3513614	0.008551175	-0.0012338241	21.449984	0.12685204	69.0	0.6778226	0.01240844	70000	6523.568822145462
14	-4.8411765	2.513647	-0.4	-10.0	0.047058824	0.21176471	1.0	0.0	57.729412	386.0	0.005146666666666667	-2.4102187	1.8437775	1.7810639	-6.6140795	0.014465512	0.027970778	0.2107568	-0.06443037	-1.20779e-09	-0.0007388138	-1.5377999e-09	-0.0008580067	1.4075196	-0.32478523	0.01709588	-0.006622847	21.576836	0.32629204	79.0	0.6328974	0.007757802	75000	6990.88004899025
15	-4.592135	2.3377328	-0.6	-10.0	0.02247191	0.14821242	1.0	0.0	55.5618	388.0	0.00485	-2.3010583	1.8690026	1.6349081	-7.5426826	0.021827348	0.059705988	0.7190234	-0.20661227	2.8666586e-10	-0.0007643399	2.9802324e-11	-0.0008182876	1.4502852	-0.21495175	0.010497692	-0.0030794074	21.903128	0.1906929	79.0	0.6567738	0.0069230623	80000	7459.633374452591
16	-4.734483	2.3124764	-0.9	-10.0	0.03448276	0.18246558	1.0	0.0	56.95402	391.0	0.0046	-2.3324778	1.9585558	1.4699323	-10.098237	0.011871682	0.038808558	0.3168493	-0.08284821	1.158369e-10	-0.0003868297	-2.026558e-10	-0.0006145805	1.1205374	-0.26994336	0.0131386565	-0.0031269733	22.09382	0.2432251	11.0	0.65394485	0.012288651	85000	7929.2901401519775
17	-4.4659343	2.2330298	-0.9	-10.0	0.054945055	0.22787298	1.0	0.0	54.20879	396.0	0.0044	-2.1044846	1.8308954	1.4734603	-7.2390347	0.031629305	0.063481994	0.5769976	-0.07751534	2.914471e-10	-0.00019388669	-6.3478944e-10	-0.00021660872	1.7908922	-0.26290393	0.02091063	-0.0014436431	22.337046	0.46561432	6.0	0.5937726	0.013584427	90000	8402.512859106064
18	-3.843137	1.6430192	-0.9	-10.0	0.04901961	0.21590896	1.0	0.0	48.784313	401.0	0.0042210526315789474	-1.9845665	1.5815741	1.947611	-7.5812654	0.025245577	0.063913114	0.89962083	-0.10489109	-2.3864515e-09	-0.0007020121	-1.1444092e-09	-0.0008207897	0.7924997	-0.39172933	0.020799562	-0.0024161022	22.80266	0.4808178	79.0	0.69031096	0.007421022	95000	8868.344021081924
19	-4.3408604	2.258472	-0.3	-10.0	0.021505376	0.1450617	1.0	0.0	53.225807	403.0	0.00403	-1.999323	1.8708972	1.5904675	-7.958433	0.038181387	0.08101738	0.6164634	-0.11785313	2.555363e-10	-0.0007548369	-2.0861626e-10	-0.0007166044	1.2685802	-0.27546382	0.009427801	-0.0024383957	23.283478	0.21630287	41.0	0.63867337	0.012544715	100000	9336.566231250763
20	-4.5853934	2.0231552	-0.6	-10.0	0.02247191	0.14821242	1.0	0.0	55.988766	405.0	0.003857142857142857	-2.2802556	1.9448451	1.3096348	-8.646486	0.02096911	0.072415255	0.57488024	-0.08163874	-1.0526331e-09	-0.00051220285	-7.301569e-10	-0.00044867332	1.3771434	-0.46056437	0.008694401	-0.0022502118	23.49978	0.15443611	79.0	0.64126134	0.009595149	105000	9805.264182329178
21	-4.6629214	2.1979244	-0.9	-10.0	0.07865169	0.26919433	1.0	0.0	56.14607	412.0	0.0037454545454545453	-2.3102293	2.061199	1.939447	-9.192349	0.018271085	0.04929468	0.54058313	-0.10942966	1.7098806e-09	-0.0002125925	1.6450882e-09	-0.0004886223	1.6855872	-0.5645702	0.037520673	-0.008700749	23.654217	0.74596596	7.0	0.6215776	0.012571208	110000	10270.915544986725
22	-4.4921346	1.9374039	-1.0	-10.0	0.0	0.0	0.0	0.0	55.55056	412.0	0.003582608695652174	-2.0152442	1.7353413	1.1765797	-7.436265	0.05079453	0.07874923	0.709356	-0.1927064	1.0683798e-09	-0.00061593304	1.3232231e-09	-0.0008543352	0.8151611	-0.3590283	0.008453329	-0.00788321	24.400183	0.099105835	49.0	0.55900216	0.012376021	115000	10737.367560625076
23	-4.0453606	1.7853943	-0.4	-10.0	0.030927835	0.17312223	1.0	0.0	50.773197	415.0	0.0034583333333333332	-1.5852206	1.5864275	1.5731777	-6.379621	0.0039520776	0.02392053	0.27158612	-0.07425252	-3.752762e-10	-0.0009428009	-3.5166742e-10	-0.0010853175	0.7057251	-0.20726168	0.014679211	-0.0024874555	24.499289	0.20502663	75.0	0.5869718	0.012545022	120000	11207.970906734467
24	-4.3880434	2.0492756	-0.5	-10.0	0.04347826	0.20393112	1.0	0.0	53.804348	419.0	0.003352	-2.076456	1.9264678	1.4875977	-8.872856	0.023165906	0.047047343	0.40345478	-0.07935991	-4.81159e-10	-0.00059329474	-7.361174e-10	-0.0006067996	0.89968663	-0.2575304	0.02294265	-0.0049518347	24.704315	0.44286156	60.0	0.616849	0.012168722	125000	11672.575900316238
25	-3.9979804	1.7483603	-0.4	-10.0	0.05050505	0.21898466	1.0	0.0	50.31313	424.0	0.0032615384615384616	-1.8305031	1.8351195	1.4434316	-8.658613	0.04189303	0.088378415	0.5572708	-0.12878391	-1.8912525e-09	-0.0008661437	-2.2470952e-09	-0.0011018136	0.4612241	-0.16797301	0.019328952	-0.005037131	25.147177	0.59174156	38.0	0.65162176	0.012050415	130000	12143.390236854553
26	-4.250527	1.8483491	-0.6	-10.0	0.094736844	0.29285112	1.0	0.0	52.34737	433.0	0.0032074074074074075	-1.7422001	1.6313466	1.9192865	-7.176361	0.034890912	0.093760565	0.7670886	-0.07568269	-8.648208e-10	-0.00065534964	-7.390976e-10	-0.00069962814	0.41715187	-0.1162343	0.04321568	-0.014284199	25.738918	1.1516743	16.0	0.64722884	0.013879474	135000	12611.371667385101
27	-4.3376346	1.9469256	-1.7	-10.0	0.021505376	0.1450617	1.0	0.0	53.548386	435.0	0.003107142857142857	-1.9065152	1.8495648	2.2539878	-8.722941	0.074100025	0.1145869	0.760184	-0.14182256	-2.8575856e-10	-0.0010272084	-1.013279e-10	-0.0010354632	1.1407372	-0.235941	0.02035065	-0.010753805	26.890593	0.43049812	28.0	0.5686691	0.015015597	140000	13079.917382478714
28	-3.8135922	1.6667536	-0.5	-10.0	0.058252428	0.23422013	1.0	0.0	48.281555	441.0	0.0030413793103448274	-1.5909283	1.5165675	1.2368768	-7.36919	0.024785968	0.06373291	0.43693936	-0.11408439	2.0541147e-09	-0.0009126151	1.8954278e-09	-0.0011361988	0.5936006	-0.19227973	0.026241528	-0.005854085	27.32109	0.6527672	10.0	0.59806556	0.014857515	145000	13545.161225557327
29	-4.0234694	1.958175	-0.4	-10.0	0.030612245	0.17226472	1.0	0.0	50.785713	444.0	0.00296	-1.7550836	1.80274	1.281187	-9.308812	0.033244904	0.092356205	1.1340294	-0.13125324	-1.0080378e-09	-0.00039957813	-8.9406965e-10	-0.0007073539	0.45661446	-0.16417828	0.010608688	-0.0038732723	27.973858	0.44148827	10.0	0.6358805	0.015260744	150000	14010.351948976517
30	-4.326882	2.0854404	-0.7	-10.0	0.021505376	0.1450617	1.0	0.0	53.55914	446.0	0.0028774193548387096	-1.6182956	1.5522484	1.2810946	-5.979923	0.0054121674	0.0464486	0.43334746	-0.07991992	9.95024e-10	-0.00058486266	6.67572e-10	-0.00082253874	0.8041033	-0.17867458	0.0127722835	-0.0019597309	28.415346	0.23374939	15.0	0.6689785	0.0141363675	155000	14475.630123138428
31	-4.49	1.847223	-1.5	-10.0	0.011111111	0.104822	1.0	0.0	55.41111	447.0	0.00279375	-1.9905965	1.8387817	1.6295564	-8.340164	0.014932073	0.04917647	0.37878382	-0.11618027	1.5076128e-10	-0.00074988743	-2.026558e-10	-0.0005683896	0.8302285	-0.46913418	0.0042925705	-0.00087476266	28.649096	0.04925537	79.0	0.69322705	0.009135675	160000	14941.140928983688
32	-4.4866667	2.1320412	-0.5	-10.0	0.0	0.0	0.0	0.0	55.377777	447.0	0.0027090909090909093	-1.8454739	1.7480348	2.6746664	-7.503438	0.0071779992	0.038941573	0.27244624	-0.10384755	-7.79927e-10	-0.00025353453	-1.6242266e-10	-5.2752937e-05	0.6482991	-0.19043124	0.0012741506	-0.0010066591	28.69835	-0.14880753	79.0	0.66259646	0.0056772185	165000	15412.88026213646
33	-4.056701	1.9441112	-1.3	-10.0	0.020618556	0.14210358	1.0	0.0	50.886597	449.0	0.0026411764705882353	-1.8560804	1.7484123	1.4065553	-9.421491	0.0048938654	0.028400196	0.35204017	-0.049243774	-4.5148976e-10	-0.0011310228	-3.0696393e-10	-0.001023158	0.7562032	-0.28345522	0.009625218	-0.0029588225	28.549543	0.106889725	38.0	0.6380627	0.012837836	170000	15886.175594091415
34	-3.7509615	1.9070717	-0.7	-10.0	0.028846154	0.16737399	1.0	0.0	47.76923	452.0	0.002582857142857143	-1.6282774	1.58168	2.1843033	-8.091146	0.022702936	0.07555981	0.98068017	-0.05878531	6.5782607e-10	-0.0007396701	9.536744e-10	-0.00083238387	0.9182627	-0.34220815	0.015915414	-0.001848489	28.656433	0.32149506	13.0	0.6575112	0.014341206	175000	16375.185067653656
35	-3.977778	1.9693897	-0.5	-10.0	0.04040404	0.19690494	1.0	0.0	50.11111	456.0	0.002533333333333333	-1.766194	1.7034268	1.8516657	-7.4014096	0.023415677	0.047227953	0.47766334	-0.08240935	-6.777673e-10	-0.00017730589	-1.8775463e-10	-0.00055312616	0.57706094	-0.17707688	0.017462747	-0.0041382387	28.977928	0.5427704	6.0	0.6596875	0.012326415	180000	16899.52770590782
36	-4.268817	2.1016111	-1.2	-10.0	0.0	0.0	0.0	0.0	52.860214	456.0	0.002464864864864865	-1.9287539	2.0258832	1.3602666	-10.200355	0.01807797	0.055069905	0.41605225	-0.15605682	3.382986e-10	-0.0004034008	2.2053719e-10	-0.00027519587	0.6993914	-0.22480422	0.003343606	-0.0029578677	29.520699	-0.030103683	79.0	0.68612015	0.010842619	185000	17425.445531606674
37	-4.36087	2.2511811	-0.4	-10.0	0.0	0.0	0.0	0.0	54.010868	456.0	0.0024	-2.1153493	1.9748224	1.563099	-8.735422	0.0074388124	0.02469618	0.31692356	-0.04100208	-5.1743326e-10	-0.00010968596	-2.1159649e-10	-3.573257e-05	0.7077851	-0.23521593	0.0006303302	-0.0004666386	29.490595	-0.20318222	5.0	0.67959774	0.015744193	190000	17943.723967790604
38	-3.776923	2.0435748	-0.5	-10.0	0.057692308	0.23316067	1.0	0.0	47.817307	462.0	0.0023692307692307693	-1.8887703	2.061111	2.2458785	-10.967489	0.00043861324	0.014133513	0.10985547	-0.06315349	-2.437389e-09	-0.00083577755	-2.5987625e-09	-0.0010700491	0.77013713	-0.2836346	0.04152624	-0.01945225	29.287413	0.733593	15.0	0.6744837	0.015350841	195000	18468.068883895874
39	-3.7961168	1.8365717	-1.0	-10.0	0.009708738	0.098053426	1.0	0.0	48.53398	463.0	0.002315	-1.6954315	1.9083347	1.73312	-10.269742	0.050963096	0.11332347	0.8179337	-0.23629697	1.378184e-09	-0.00047274696	1.335144e-09	-0.0005757117	0.6772592	-0.2327671	0.0109136775	-0.00537196	30.021006	0.21693039	19.0	0.6696877	0.012384063	200000	18994.541135787964
40	-4.1747365	1.9721732	-0.8	-10.0	0.021052632	0.14355981	1.0	0.0	52.05263	465.0	0.002268292682926829	-1.9659919	2.3037322	1.5747643	-10.475644	0.02675384	0.079794034	0.90132624	-0.07591364	1.1349951e-09	-0.00063552515	1.3113022e-09	-0.0008288292	0.81813645	-0.35943615	0.019328162	-0.008112285	30.237936	0.19229126	20.0	0.6520282	0.0126248645	205000	19514.61519050598
41	-4.0670104	2.1270823	-0.7	-10.0	0.0	0.0	0.0	0.0	51.103092	465.0	0.002214285714285714	-1.8585316	1.9205955	1.8745306	-11.255351	0.01767759	0.032430865	0.21060771	-0.08453341	-3.3273806e-10	-0.0003667348	-1.11758706e-10	-0.00021388802	1.066407	-0.48398912	0.0012249151	-0.0010048805	30.430227	-0.121435165	13.0	0.6386954	0.012978157	210000	20038.398446321487
42	-3.7980392	1.7463115	-1.0	-10.0	0.029411765	0.16895771	1.0	0.0	48.656864	468.0	0.0021767441860465115	-1.657114	1.6025249	1.68352	-6.520974	0.00066488475	0.016540935	0.10497409	-0.112996474	-1.4013136e-09	-0.00074212445	-1.5199184e-09	-0.00095693313	0.6653849	-0.24573508	0.018839063	-0.002185382	30.308792	0.30033875	19.0	0.6085894	0.014694967	215000	20559.458784341812
43	-4.1484537	2.3339322	-0.8	-10.0	0.020618556	0.14210358	1.0	0.0	51.463917	470.0	0.0021363636363636363	-2.0939157	2.3089077	1.2341837	-9.729733	0.025983386	0.036773007	0.15757619	-0.06924612	5.4806415e-10	-0.0011597652	2.9802322e-10	-0.0013430731	1.5046815	-0.50347173	0.011623236	-0.003307186	30.60913	0.29820824	38.0	0.601986	0.013357794	220000	21082.62522816658
44	-4.054082	1.9508852	-0.6	-10.0	0.030612245	0.17226474	1.0	0.0	50.867348	473.0	0.0021022222222222223	-1.6878035	1.6742034	3.808205	-9.940647	0.02773315	0.093344666	1.9672226	-0.05869793	-7.953065e-10	-0.00045582125	-1.66893e-10	-0.0008769011	0.66824865	-0.32966807	0.013674454	-0.005078952	30.90734	0.44651985	5.0	0.62116927	0.01616251	225000	21600.158085346222
45	-4.163542	2.3200269	-0.7	-10.0	0.010416667	0.1015291	1.0	0.0	51.833332	474.0	0.0020608695652173914	-1.7925824	1.9592178	1.2886392	-9.81128	0.014472418	0.06602807	0.84281754	-0.1669576	-1.4634339e-09	-0.0018274843	-6.67572e-10	-0.0021665578	1.189448	-0.5874631	0.006266822	-0.0031470598	31.353859	0.1284504	33.0	0.61226094	0.01287287	230000	22118.343398094177
46	-3.8950493	2.175579	-0.7	-10.0	0.0	0.0	0.0	0.0	49.40594	474.0	0.0020170212765957445	-1.7498329	1.8806212	1.7348342	-11.618654	0.00961422	0.04728601	0.8377288	-0.09206828	8.5959816e-11	-0.00017113652	-2.3543834e-10	-5.6320692e-05	0.7925389	-0.32715225	0.0022122469	-0.002043494	31.48231	-0.19239426	4.0	0.6190935	0.015240055	235000	22637.422662734985
47	-3.9565654	2.189145	-0.9	-10.0	0.0	0.0	0.0	0.0	50.0101	474.0	0.001975	-2.089002	2.0577567	1.344894	-8.729689	0.00274391	0.013392201	0.08861309	-0.076230206	-5.3898264e-10	-0.00038922142	-2.026558e-10	-0.00017377711	0.8866545	-0.48434484	0.00017597128	-9.290998e-05	31.289915	-0.26689148	58.0	0.62520933	0.012620606	240000	23157.298659086227
48	-3.9267328	2.172369	-1.0	-10.0	0.04950495	0.21691985	1.0	0.0	49.28713	479.0	0.0019551020408163267	-1.7779144	1.782313	1.5365951	-8.275188	0.002716502	0.016871374	0.16983815	-0.06930831	1.6231927e-10	-0.00089623866	5.364418e-10	-0.0014216291	1.1025642	-0.49624133	0.015837563	-0.0074052205	31.023024	0.7556324	12.0	0.61682874	0.015877888	245000	23681.682685613632
49	-3.574074	1.7423043	-0.7	-10.0	0.037037037	0.1888526	1.0	0.0	46.23148	483.0	0.001932	-1.6520739	1.8519306	2.4323783	-8.352807	0.02720625	0.10710309	1.2426078	-0.1079099	-1.164594e-09	-0.0010030236	-1.1712312e-09	-0.0012797421	0.7772251	-0.41161188	0.012142214	-0.0036902223	31.778656	0.8001137	13.0	0.59669065	0.0134196095	250000	24212.906378746033
50	-3.7784317	1.606154	-1.0	-10.0	0.0	0.0	0.0	0.0	48.67647	483.0	0.0018941176470588235	-1.4436622	1.4501168	1.9354278	-8.731207	0.007881769	0.0377154	0.4493254	-0.032846175	-1.0068808e-11	-0.0002955294	-7.450581e-12	-0.00056908245	0.3187583	-0.099848226	0.0014706419	-0.0014242089	32.57877	-0.048122406	17.0	0.5836734	0.015554916	255000	24731.649540901184
51	-3.544037	1.9254181	-0.7	-10.0	0.06422018	0.24514475	1.0	0.0	45.53211	490.0	0.0018846153846153845	-1.5880114	1.5707136	1.4377431	-7.0813684	0.0010190483	0.013881601	0.13384667	-0.08788415	-5.5154065e-10	-0.0005914023	-5.2452087e-10	-0.0010987575	0.6822244	-0.2512703	0.02514862	-0.008035881	32.530647	1.1242867	6.0	0.59748703	0.017439196	260000	25252.41100358963
52	-3.4954128	2.0368795	-0.6	-10.0	0.04587156	0.20920654	1.0	0.0	45.348625	495.0	0.0018679245283018868	-1.532501	1.6422266	1.424439	-7.008903	0.022908181	0.065979324	1.0158335	-0.19740134	3.5224273e-10	-0.00043279992	3.4570694e-10	-0.0005458997	0.66625226	-0.3223279	0.021934934	-0.006109925	33.654934	1.1280136	15.0	0.5798278	0.014606509	265000	25771.8912255764
53	-3.3530977	1.6795001	-0.4	-10.0	0.044247787	0.20564514	1.0	0.0	44.044247	500.0	0.001851851851851852	-1.46987	1.5252064	2.0009744	-7.275436	0.034034412	0.07126915	0.82778203	-0.12355481	1.247599e-09	-0.00012320899	1.3232231e-09	-0.00026292584	0.5089897	-0.16868332	0.018245703	-0.002705644	34.782948	1.0002975	4.0	0.576545	0.017165948	270000	26290.781891822815
54	-3.2752213	1.6746169	-0.6	-10.0	0.017699115	0.13185544	1.0	0.0	43.46018	502.0	0.0018254545454545455	-1.341759	1.3934196	1.5702938	-7.449523	0.017052311	0.076982915	0.6367247	-0.111887276	7.7968326e-10	-0.000422142	1.001358e-09	-0.00096351217	0.5104266	-0.1788714	0.013356959	-0.0020228792	35.783245	0.39907074	4.0	0.557428	0.023013331	275000	26813.583817720413
55	-3.2267241	1.4503483	-0.4	-8.9	0.03448276	0.18246561	1.0	0.0	42.88793	506.0	0.0018071428571428572	-1.1966834	1.3541889	1.2614172	-5.2276382	0.020945705	0.04727132	0.48121113	-0.071134664	2.971181e-10	-0.0003843432	1.7881394e-10	-0.00065827527	0.28231436	-0.08942185	0.010801573	-0.0038561076	36.182316	0.6273842	4.0	0.5602961	0.012917096	280000	27335.30849146843
56	-3.690566	2.0004022	-0.9	-10.0	0.056603774	0.23108394	1.0	0.0	47.07547	512.0	0.0017964912280701755	-1.4981494	1.4930784	1.1817422	-6.013605	0.019225342	0.06102737	0.78622204	-0.075012684	1.6511746e-09	-0.00023767495	1.2814999e-09	-0.0004069186	0.6993153	-0.24118656	0.015797641	-0.0041625146	36.8097	1.2713852	7.0	0.56796736	0.015247763	285000	27857.991193056107
57	-3.380531	1.8130724	-0.7	-10.0	0.044247787	0.20564514	1.0	0.0	44.123894	517.0	0.0017827586206896552	-1.4125544	1.4798205	1.3892822	-7.084961	0.023919562	0.083079375	1.065904	-0.0653401	3.0298616e-10	-0.0010306974	1.9073486e-10	-0.0014467323	0.5111279	-0.21380222	0.009410745	-0.002249041	38.081085	1.1472969	36.0	0.49841422	0.015437953	290000	28379.035741329193
58	-3.3991072	1.7850819	-0.9	-10.0	0.05357143	0.22517	1.0	0.0	44.401787	523.0	0.0017728813559322034	-1.4399766	1.4420879	1.4099162	-6.4737988	0.02501999	0.10787475	1.0860957	-0.09314018	-1.3845309e-09	-0.000103372346	-1.1086464e-09	-0.00041525214	0.5987553	-0.20056173	0.017304685	-0.004866571	39.228382	1.3041878	7.0	0.531276	0.013063789	295000	28903.73889732361
59	-3.582407	1.959253	-0.7	-10.0	0.037037037	0.1888526	1.0	0.0	46.11111	527.0	0.0017566666666666666	-1.472019	1.6468253	1.3040711	-8.610879	0.029703982	0.0727706	0.7865083	-0.08263101	5.143704e-11	-0.00075796206	-1.0728836e-10	-0.0010194374	0.71423084	-0.24636617	0.011397608	-0.0027122498	40.53257	0.97647476	7.0	0.55173886	0.017479489	300000	29429.76503801346
60	-3.5611112	1.7777864	-1.2	-10.0	0.018518519	0.13481687	1.0	0.0	46.203705	529.0	0.0017344262295081968	-1.582658	1.7241154	1.77747	-7.3646727	0.017856395	0.05441587	0.75990546	-0.119504504	-4.2075063e-10	-0.00018791435	-4.768372e-10	-0.00047995854	0.5864594	-0.271237	0.016445609	-0.004711449	41.509045	0.41130447	6.0	0.598582	0.016004931	305000	29947.279494285583
61	-3.6704764	1.6928941	-0.9	-10.0	0.03809524	0.1914262	1.0	0.0	47.180954	533.0	0.0017193548387096774	-1.4265227	1.4167101	1.8191158	-6.815034	0.026877081	0.060311425	0.7225115	-0.09015137	2.772169e-10	-0.000106216554	5.841255e-10	-0.00029389779	0.4489373	-0.20940785	0.0108042	-0.004559841	41.92035	0.7892151	4.0	0.56446826	0.024393735	310000	30469.358259677887
62	-3.8138611	1.8575523	-1.3	-10.0	0.00990099	0.09900992	1.0	0.0	49.0297	534.0	0.0016952380952380951	-1.5519522	1.5009686	1.556045	-6.1672263	0.001681912	0.0335932	0.5565859	-0.04035157	-4.0295473e-10	-0.00017395992	-4.172325e-11	-0.0002752303	0.44133365	-0.18036282	0.0065380097	-0.0013417946	42.709564	0.20433807	3.0	0.58980834	0.022386357	315000	30995.707565784454
63	-3.3517547	1.7699357	-0.6	-8.6	0.12280702	0.32821557	1.0	0.0	43.263157	548.0	0.0017125	-1.5522405	1.5333934	1.8237704	-5.2137213	0.009475206	0.029270386	0.3995271	-0.09445713	1.5182132e-09	-0.0013811026	1.835823e-09	-0.0020935358	0.44796005	-0.22988144	0.06342439	-0.023591537	42.913902	2.9003296	3.0	0.568572	0.050973643	320000	31523.831942796707
64	-3.6838098	1.8976738	-0.7	-10.0	0.028571429	0.16659863	1.0	0.0	47.41905	551.0	0.0016953846153846153	-1.357346	1.4425054	2.0595498	-5.39948	0.09334757	0.15566704	1.6078955	-0.19094223	-5.3427784e-10	0.0003418179	-1.192093e-10	2.9724371e-05	0.38370752	-0.15575543	0.021662876	-0.017716179	45.81423	1.2721672	3.0	0.56383884	0.015346917	325000	32048.234522104263
65	-3.9397957	1.7692233	-1.0	-10.0	0.020408163	0.1413919	1.0	0.0	50.061226	553.0	0.0016757575757575757	-1.4987408	1.4151496	1.1629134	-5.4127903	0.015377591	0.09503325	0.9656936	-0.117967136	-2.539665e-10	-0.0005131242	2.1457672e-10	-0.0004954307	0.6671332	-0.25210747	0.004624798	-0.0013922094	47.0864	0.41548538	73.0	0.57218355	0.01248072	330000	32566.72864341736
66	-4.077551	2.3431418	-0.7	-10.0	0.010204081	0.10049856	1.0	0.0	50.877552	554.0	0.0016537313432835822	-1.8455906	1.7999898	2.1058197	-11.651374	0.04262318	0.18096502	1.1926363	-0.12339781	8.1117035e-10	-0.00041745108	6.6161154e-10	-0.00071527157	1.3548459	-0.78134686	0.0070168762	-0.0037439438	47.501884	0.08444977	6.0	0.564178	0.015199831	335000	33090.107733249664
67	-3.725	1.8765123	-0.6	-10.0	0.009615385	0.0975855	1.0	0.0	47.826923	555.0	0.0016323529411764706	-1.6129415	1.7783291	1.2579982	-9.289873	0.00662387	0.04019953	0.91032624	-0.039215162	8.54972e-10	-4.4678192e-05	3.2782554e-10	-2.1538144e-05	0.5865863	-0.22176003	0.002020975	-0.00073557324	47.586334	-0.007572174	6.0	0.57433057	0.012569168	340000	33610.07198381424
68	-3.6130846	1.8583523	-1.4	-10.0	0.028037382	0.16507961	1.0	0.0	46.51402	558.0	0.0016173913043478262	-1.4970492	1.5895774	1.8192306	-5.9580503	0.011329324	0.07534457	0.9925987	-0.123200506	-3.8890888e-10	-0.00013939076	-4.2915344e-10	-7.9107114e-05	0.5389416	-0.2079784	0.0044488725	-0.00035903556	47.578762	0.49261856	79.0	0.5506125	0.004555325	345000	34133.47597074509
69	-3.8078425	1.6848046	-1.0	-10.0	0.019607844	0.13864838	1.0	0.0	48.64706	560.0	0.0016	-1.7121572	1.9054809	1.2458848	-10.545157	0.011450302	0.06151761	0.85351866	-0.07607314	2.1403017e-10	-0.00051223574	1.7285347e-10	-0.00060103013	0.62493616	-0.36258805	0.003625681	-0.00071857614	48.07138	0.41231155	17.0	0.5484776	0.015952716	350000	34657.0965218544
70	-3.8067958	2.1561499	-0.7	-10.0	0.019417476	0.1379871	1.0	0.0	48.32039	562.0	0.0015830985915492957	-1.6579906	1.6653849	1.4143996	-8.195158	0.0077858255	0.05241301	0.9287861	-0.06518817	-3.0864208e-10	-0.0002222083	-4.2319298e-10	-0.0005373462	0.696855	-0.36207563	0.008919121	-0.001509395	48.483692	0.35081482	13.0	0.5689393	0.015713666	355000	35177.61606454849
71	-3.51982	1.9891516	-1.0	-10.0	0.10810811	0.3105169	1.0	0.0	44.90991	574.0	0.0015944444444444443	-1.6213506	1.6032192	1.5532386	-6.328475	0.015939444	0.049497444	0.51714766	-0.08781062	3.844917e-09	-0.00076866226	3.7908556e-09	-0.0012725155	0.6734451	-0.33629563	0.030565502	-0.0141346175	48.834507	2.8474693	4.0	0.615739	0.022023331	360000	35694.700753211975
72	-3.7778845	2.1378438	-0.6	-10.0	0.048076924	0.2139288	1.0	0.0	47.721153	579.0	0.0015863013698630137	-1.6593577	1.8454024	1.807326	-10.186689	0.038309086	0.10922717	1.1888639	-0.16294792	-2.8935182e-10	-0.0003446023	-4.7683715e-11	-0.0004961859	0.623191	-0.24848509	0.0056298957	-0.0024090728	51.681976	1.8305168	16.0	0.62541443	0.013338892	365000	36215.23575139046
73	-3.8579998	2.1724725	-0.5	-10.0	0.0	0.0	0.0	0.0	49.25	579.0	0.0015648648648648648	-1.81775	1.8374885	1.4743196	-8.186621	0.023614882	0.11520822	1.0986174	-0.07940161	8.041639e-11	-0.0010342394	-1.7881394e-11	-0.0014575999	0.69148797	-0.34206685	0.013927338	-0.013855064	53.512493	0.029331207	5.0	0.60477036	0.023492143	370000	36736.78382205963
74	-4.264516	2.023233	-0.7	-10.0	0.0	0.0	0.0	0.0	53.29032	579.0	0.001544	-1.7999445	1.8663754	2.1407754	-8.811151	0.00036844314	0.009522527	0.054854125	-0.10420112	-2.1466731e-10	3.4943714e-05	-4.7683715e-11	3.1263433e-05	0.97611	-0.38082206	9.14384e-05	-5.3757423e-05	53.541824	-0.36476517	10.0	0.5271025	0.014166724	375000	37257.51566243172
75	-3.5453703	1.73298	-0.4	-10.0	0.027777778	0.16433552	1.0	0.0	46.046295	582.0	0.0015315789473684211	-1.5504494	1.5848538	2.0865347	-6.7263403	-0.0010280001	0.007566506	0.049628194	-0.09746598	-2.6767632e-11	-0.0010658273	-7.748604e-11	-0.0013495772	0.62336785	-0.29348692	0.0140634	-0.0046292925	53.17706	0.44179916	16.0	0.5156632	0.015193108	380000	37778.87755250931
76	-3.7336538	2.1615791	-0.9	-10.0	0.009615385	0.09758549	1.0	0.0	47.701923	583.0	0.0015142857142857143	-1.5645998	1.6349264	1.3726673	-8.049594	0.021999903	0.07227769	0.65825516	-0.05174376	8.5855734e-10	-0.00063595024	5.722046e-10	-0.00069602876	0.8069095	-0.28366548	0.010472419	-0.003042542	53.61886	0.1382103	79.0	0.55790114	0.011319116	385000	38305.92894220352
77	-3.5036702	2.034876	-0.7	-10.0	0.0091743115	0.09534224	1.0	0.0	45.633026	584.0	0.0014974358974358974	-1.7527771	1.8505976	1.2822739	-8.319732	0.021830935	0.038038734	0.53429514	-0.07193296	3.7661066e-10	-0.00030022726	5.364418e-11	-0.0004505096	0.72375625	-0.3191301	0.006310363	-0.0020862012	53.75707	-0.025615692	21.0	0.553811	0.013379002	390000	38831.30715537071
78	-4.0397964	2.067718	-0.8	-10.0	0.010204081	0.10049855	1.0	0.0	50.612244	585.0	0.0014810126582278482	-1.8518687	2.1511257	2.8859885	-11.377798	0.016372485	0.055938967	0.7575209	-0.09104981	-1.7463633e-10	-0.00068369217	-5.364418e-11	-0.00066118146	0.98427874	-0.4653368	0.0044802264	-0.0022789023	53.731453	0.000102996826	30.0	0.46960923	0.0128087215	395000	39361.08675837517
79	-4.0721655	2.2314873	-0.6	-10.0	0.041237112	0.19883817	1.0	0.0	51.041237	589.0	0.0014725	-1.7576125	1.6478567	1.2973397	-6.594909	0.01661922	0.06808016	1.180352	-0.056158233	-1.04826654e-10	-0.00055516214	1.013279e-10	-0.0007345117	0.9313456	-0.41275376	0.008251564	-0.0026856535	53.731556	0.9989548	18.0	0.5645352	0.013271664	400000	39875.333181381226
80	-3.6641512	1.7802474	-0.6	-10.0	0.03773585	0.19055672	1.0	0.0	47.122643	593.0	0.0014641975308641976	-1.5743512	1.5132837	1.5843589	-8.514721	0.022838896	0.10122341	1.1071947	-0.069204986	-9.347947e-10	-0.00040526196	-6.556511e-10	-0.0005785248	0.48342168	-0.21326202	0.0035532645	-0.0012695664	54.73051	1.1806259	35.0	0.46104863	0.012439948	405000	40369.22327065468
81	-3.8446605	2.163543	-1.0	-10.0	0.058252428	0.23422013	1.0	0.0	48.485435	599.0	0.0014609756097560976	-1.5610853	1.5013132	1.3344725	-6.034541	0.015331421	0.10064177	1.0485319	-0.13311698	-2.4916189e-10	-0.00029596649	-3.33786e-10	-0.0005590209	0.58107275	-0.21056584	0.01848623	-0.0063395947	55.911137	1.8265839	4.0	0.49853086	0.01588134	410000	40833.90705156326
82	-4.128866	2.2380476	-0.9	-10.0	0.010309278	0.101009876	1.0	0.0	51.381443	600.0	0.0014457831325301205	-1.8161402	1.8310894	1.1740196	-8.768652	0.035235986	0.101665236	0.89200944	-0.1780987	5.464396e-10	-0.00037740474	5.2452087e-10	-0.00070470915	1.1572219	-0.6377008	0.007871176	-0.006705472	57.73772	0.45672226	4.0	0.47003174	0.018228201	415000	41287.15436601639
83	-3.8584156	1.9644499	-1.1	-10.0	0.02970297	0.1697666	1.0	0.0	49.039604	603.0	0.0014357142857142856	-1.6711282	1.677538	2.2876573	-9.237021	0.009938445	0.04607317	0.890475	-0.2085161	8.9946794e-10	-0.0014027994	8.8214874e-10	-0.0017804189	0.6319106	-0.33712348	0.008229784	-0.006069675	58.194443	0.67097855	16.0	0.43864286	0.01965757	420000	41687.477811813354
84	-3.939216	2.2000964	-0.8	-10.0	0.05882353	0.23529415	1.0	0.0	48.990196	609.0	0.0014329411764705882	-1.8160652	1.8082118	1.4943608	-8.035278	0.032442912	0.155376	1.1929097	-0.05907456	5.059636e-10	9.297226e-05	4.529953e-10	1.3634527e-05	0.97269905	-0.45423794	0.012321065	-0.009145754	58.86542	1.8330269	8.0	0.47353858	0.012909506	425000	42088.09548974037
85	-3.6226418	1.8605276	-0.9	-10.0	0.056603774	0.23108393	1.0	0.0	46.5	615.0	0.0014302325581395348	-1.7457229	1.7942975	1.0423888	-11.239447	0.016268255	0.096910745	1.0078642	-0.0528689	1.8911547e-10	-0.00053563097	4.7683715e-11	-0.00072244345	0.7713756	-0.2739942	0.0062236856	-0.0009975466	60.69845	2.0341606	12.0	0.5123868	0.01575935	430000	42478.61098456383
86	-3.982	2.2240224	-0.9	-10.0	0.01	0.09949875	1.0	0.0	49.83	616.0	0.0014160919540229886	-2.1851215	2.504034	1.4648285	-10.514502	0.016193988	0.08996401	0.9244073	-0.15811823	1.1602471e-09	-0.000717091	1.0251999e-09	-0.0009450811	1.3440061	-0.7122123	0.007216108	-0.006098024	62.73261	0.45088577	22.0	0.49484015	0.01292128	435000	42867.16722369194
87	-3.8754904	2.2802408	-1.1	-10.0	0.019607844	0.13864838	1.0	0.0	48.784313	618.0	0.0014045454545454545	-1.7349578	1.8531071	1.2330017	-9.690186	0.003208981	0.029204028	0.6432571	-0.09293399	1.60032e-10	-0.00044129975	2.682209e-10	-0.00071628456	1.2616475	-0.6490954	0.003393148	-0.0014790879	63.183495	0.342556	20.0	0.4868438	0.014187106	440000	43253.98318171501
88	-4.035714	2.2337966	-1.0	-10.0	0.030612245	0.17226472	1.0	0.0	50.57143	621.0	0.001395505617977528	-1.9791774	1.8095468	1.3969333	-8.000418	0.007968146	0.06868269	1.1236625	-0.059765752	-4.6011908e-10	-0.0003110408	-1.3709069e-10	-0.0004472592	0.74641037	-0.3580402	0.0026469743	-0.00017368444	63.52605	0.8251076	7.0	0.5045038	0.014416929	445000	43640.814890384674
89	-3.723077	1.929589	-0.8	-10.0	0.0	0.0	0.0	0.0	47.91346	621.0	0.00138	-1.7232113	1.7153509	1.4066645	-8.313334	0.00059548824	0.0072896075	0.12703244	-0.055376217	8.433557e-11	-0.00011615848	-5.6624413e-11	-8.6581655e-05	0.7067818	-0.32089484	5.143964e-05	-3.8145492e-05	64.35116	-0.15223694	79.0	0.50271297	0.006606352	450000	44028.04569005966
90	-4.028571	1.9346465	-0.9	-10.0	0.030612245	0.17226472	1.0	0.0	50.612244	624.0	0.0013714285714285714	-1.6896964	1.6168292	2.3523195	-6.1637883	0.0049246782	0.0496865	1.0269572	-0.06653532	3.0361852e-10	-0.0007823251	2.7418137e-10	-0.0010261964	0.86813694	-0.3574298	0.005482486	-0.004169852	64.19892	0.6565933	9.0	0.50601643	0.015737195	455000	44414.56926250458
91	-4.1822915	2.2817664	-0.9	-10.0	0.020833334	0.14282614	1.0	0.0	51.677082	626.0	0.0013608695652173913	-1.9815295	2.0872014	1.5789816	-9.498117	0.013941977	0.08348469	1.0760529	-0.041893024	-3.713328e-10	-0.00013093284	-3.8146972e-10	-0.0004049228	1.699957	-0.97790015	0.012356775	-0.0043791216	64.855515	0.61746216	5.0	0.47097594	0.021502692	460000	44800.88006591797
92	-4.3425527	2.6007564	-0.7	-10.0	0.04255319	0.20184752	1.0	0.0	52.904255	630.0	0.0013548387096774194	-2.161532	2.0606356	1.1606789	-10.153076	0.013534101	0.035744756	0.47556412	-0.091486275	-2.504631e-10	-0.00030278074	-1.66893e-10	-0.00039481683	1.7512145	-0.65965927	0.009139658	-0.0048573934	65.47298	1.3480835	6.0	0.46688122	0.020331481	465000	45186.10524511337
93	-3.8745098	2.410788	-0.7	-10.0	0.029411765	0.16895771	1.0	0.0	48.666668	633.0	0.0013468085106382978	-2.1713796	2.017876	1.359516	-10.304323	0.017582593	0.07538602	1.2048028	-0.048722632	-1.5797867e-10	-0.00010684789	-2.1457672e-10	-0.0001996458	1.1949494	-0.36726403	0.0062075052	-0.00091804797	66.82106	1.0922165	8.0	0.43359867	0.012247721	470000	45575.773263692856
94	-3.8366337	1.8104057	-1.0	-10.0	0.00990099	0.09900991	1.0	0.0	49.039604	634.0	0.0013347368421052631	-1.666425	1.6160342	2.177988	-7.4542556	0.012884296	0.065895595	0.97201174	-0.056018062	1.949465e-10	-0.0008842282	1.4305115e-10	-0.00092682906	0.483571	-0.22393477	0.0024863856	-0.0011450619	67.91328	0.21565247	79.0	0.4279246	0.0078468975	475000	45962.81913614273
95	-3.8057694	2.3573465	-0.9	-10.0	0.028846154	0.16737399	1.0	0.0	48.0	637.0	0.0013270833333333333	-1.7698821	1.8482059	1.1207205	-9.566098	0.006650345	0.057702433	0.9180029	-0.0214901	-7.3027695e-11	-4.4571832e-05	4.7683715e-11	-5.7764055e-06	1.3158977	-0.7506661	0.003556356	-0.0009008271	68.12893	0.7484894	79.0	0.37033454	0.0024179881	480000	46351.18387532234
96	-3.909	2.1149986	-1.0	-10.0	0.01	0.099498756	1.0	0.0	49.43	638.0	0.0013154639175257732	-1.9845972	2.0755346	2.4566822	-9.762931	0.00912513	0.06683771	0.77764416	-0.040345427	-5.552285e-10	-0.00012401454	-5.2452087e-10	-9.624669e-05	0.8460175	-0.41011074	0.0032716282	-0.0020661398	68.87742	0.210289	79.0	0.38474053	0.003481952	485000	46740.91074061394
97	-3.9138618	2.2068763	-0.8	-10.0	0.02970297	0.1697666	1.0	0.0	49.48515	641.0	0.0013081632653061225	-1.7271875	1.6885139	1.2951365	-7.5249963	0.0025767696	0.030839637	0.73831373	-0.04139965	-1.0568358e-09	-0.00036002367	-1.0251999e-09	-0.00043101952	0.54113483	-0.19688302	0.009924732	-0.0067633996	69.08771	0.81359863	48.0	0.37689722	0.013242074	490000	47126.01283740997
98	-4.0948977	2.3511338	-0.9	-10.0	0.040816326	0.19786447	1.0	0.0	50.82653	645.0	0.001303030303030303	-1.8031297	1.7663668	1.3936521	-9.427292	0.020055095	0.091589	1.0604155	-0.08712269	-8.0413015e-10	-0.0011967825	-6.437302e-10	-0.0014558029	1.1004238	-0.52499783	0.012266706	-0.002487775	69.901306	1.5091705	6.0	0.43167862	0.02876104	495000	47509.30470943451
99	-3.7198114	2.155179	-0.9	-10.0	0.08490566	0.27874124	1.0	0.0	46.95283	654.0	0.001308	-1.8878479	2.0225918	1.1586704	-12.831927	0.04041463	0.11818027	0.99175084	-0.05735035	-2.1848974e-10	-0.0003665547	-1.7881394e-10	-0.0007454869	0.99082404	-0.40106642	0.012573266	-0.005515242	71.41048	3.3727417	4.0	0.4811211	0.049503755	500000	47893.837171792984
100	-3.6962266	2.071638	-0.7	-10.0	0.047169812	0.21200193	1.0	0.0	47.132076	659.0	0.001304950495049505	-1.5108347	1.5754855	2.1786327	-6.2799354	0.019827958	0.10490566	0.9361159	-0.039511736	5.6241e-10	0.0001742311	4.768372e-10	1.0349274e-06	0.61273634	-0.31109586	0.0042281714	-0.0010622821	74.78322	2.2968903	3.0	0.4705521	0.013420045	505000	48279.345443964005
101	-4.084694	2.4469202	-0.7	-10.0	0.030612245	0.17226472	1.0	0.0	50.72449	662.0	0.0012980392156862746	-1.8198353	1.8275506	2.0815146	-8.679387	0.013520619	0.075306304	0.92673844	-0.03494443	7.0345674e-10	-0.0006691414	5.2452087e-10	-0.0008141265	1.1057576	-0.47268218	0.005242222	-0.0025494923	77.08011	1.2458191	18.0	0.47393256	0.016338183	510000	48664.68949151039
102	-3.8568628	2.16503	-0.8	-10.0	0.029411765	0.16895771	1.0	0.0	48.705883	665.0	0.00129126213592233	-1.885175	2.014191	1.908672	-11.038671	0.010844951	0.07486084	1.6207477	-0.1440339	1.0609528e-09	-0.00052369176	1.168251e-09	-0.0006135596	0.7220798	-0.32028812	0.0067420104	-0.003045735	78.32593	1.0245361	79.0	0.4539632	0.0057692025	515000	49050.41109108925
103	-4.151547	2.243254	-1.0	-10.0	0.041237112	0.19883817	1.0	0.0	51.26804	669.0	0.0012865384615384616	-1.7429484	1.7275398	1.254325	-7.5176477	0.014372217	0.074310094	0.99857336	-0.029548122	9.196899e-11	-0.000285245	-7.152558e-11	-0.00041817717	0.8184216	-0.31191015	0.005235112	-0.0010881587	79.350464	1.4997787	5.0	0.46454662	0.018465115	520000	49435.80406355858
104	-3.948	2.2870715	-0.7	-10.0	0.03	0.17058723	1.0	0.0	49.6	672.0	0.00128	-2.000091	2.0223458	1.2898756	-10.791068	0.00783949	0.046253286	0.8912892	-0.027117832	1.2984785e-09	-0.0004720614	1.3947486e-09	-0.00069462426	0.8592627	-0.3438396	0.0056725717	-0.0014321748	80.85024	1.1886292	7.0	0.45431215	0.025726423	525000	49820.787117004395
105	-4.105102	2.3530862	-0.7	-10.0	0.040816326	0.19786449	1.0	0.0	50.816326	676.0	0.0012754716981132075	-2.1869397	2.400519	2.0002198	-12.030839	0.013597531	0.07887195	1.2025024	-0.07354882	-1.09397096e-10	-0.00062006863	-1.1920929e-11	-0.0008042979	0.8094114	-0.3571442	0.0045366413	-0.0022473661	82.03887	1.5230179	4.0	0.41249853	0.029775525	530000	50205.383799791336
106	-4.344086	2.3251066	-1.1	-10.0	0.010752688	0.10313617	1.0	0.0	53.612904	677.0	0.0012654205607476635	-2.1011176	2.0859425	1.1971056	-10.274988	0.022906087	0.11298148	1.1534826	-0.14094995	-2.263258e-10	-0.0006692908	-2.3245811e-10	-0.00089694536	1.0524224	-0.524499	0.010867501	-0.0093008205	83.56189	0.39860535	3.0	0.42778745	0.025308453	535000	50588.77147817612
107	-4.457143	2.248914	-1.5	-10.0	0.010989011	0.104250915	1.0	0.0	54.241756	678.0	0.0012555555555555555	-2.0275	2.1438432	2.7554698	-10.693825	0.004860839	0.03501974	0.8446084	-0.011167077	3.0330657e-10	-1.4018257e-05	4.0233136e-10	-4.8633724e-06	1.1797379	-0.49034876	0.0027099266	-0.00032401388	83.960495	0.05784607	79.0	0.39816678	0.00411829	540000	50975.760954618454
108	-4.223158	2.2872393	-1.1	-10.0	0.010526316	0.10205642	1.0	0.0	52.189472	679.0	0.0012458715596330276	-1.837619	1.8169073	1.580026	-8.727141	0.0059545753	0.042806774	1.1286567	-0.016435757	2.7508443e-10	-0.00013839522	-8.940697e-11	-0.00011728281	1.1773729	-0.44498134	0.0015303906	-0.0003346278	84.01834	0.03466034	79.0	0.40199313	0.002914403	545000	51363.53766798973
109	-4.4999995	2.319909	-1.0	-10.0	0.021978023	0.1466117	1.0	0.0	54.79121	681.0	0.0012381818181818182	-2.2822368	1.9384176	1.12501	-11.0769	0.007054984	0.039209027	1.0051371	-0.010950161	-2.1199444e-10	-5.7179175e-05	-1.192093e-10	-1.7711232e-05	1.4899865	-0.76512784	0.0025752324	-0.0008846257	84.053	0.54239655	79.0	0.38268125	0.0043297955	550000	51754.103905677795
110	-4.2768416	2.4807236	-0.6	-10.0	0.010526316	0.10205642	1.0	0.0	52.610527	682.0	0.0012288288288288289	-2.0887976	1.9049494	1.3659403	-8.01767	0.0044865576	0.038911868	0.9998702	-0.017196383	-1.8757104e-10	-6.512717e-05	2.3841857e-11	-4.9524908e-05	1.5014211	-0.6215184	0.0021238232	-0.00060745236	84.5954	0.1758728	79.0	0.40095836	0.002499667	555000	52138.85323429108
111	-4.3258066	1.9828243	-1.1	-10.0	0.032258064	0.17668472	1.0	0.0	53.666668	685.0	0.0012232142857142858	-2.1565714	1.8721206	1.7616153	-9.753617	0.009006152	0.06779957	0.9038257	-0.021251442	1.3358019e-10	-6.778251e-05	2.026558e-10	-3.4668126e-05	1.173078	-0.55893546	0.002548703	-0.00074500847	84.77127	1.0407867	79.0	0.38938305	0.0035576911	560000	52523.86380815506
112	-3.5351849	2.176572	-0.5	-10.0	0.027777778	0.16433553	1.0	0.0	45.537037	688.0	0.0012176991150442478	-1.646659	1.7235126	1.1889442	-11.405307	0.010080099	0.07457329	1.0953223	-0.013093824	-2.0401146e-10	-4.5562883e-05	-2.7418137e-10	-9.767651e-07	1.1717361	-0.47197062	0.0046925424	-0.0011252766	85.81206	1.126236	79.0	0.41039467	0.0035365673	565000	52912.208594322205
113	-4.380435	2.2274103	-1.0	-10.0	0.0	0.0	0.0	0.0	54.20652	688.0	0.001207017543859649	-2.157598	2.2131362	2.32408	-13.026793	0.0003592257	0.0132617485	0.46932003	-0.21391392	-5.4470088e-11	-6.3394116e-05	-3.576279e-11	-3.1148422e-05	1.0419843	-0.3976527	0.00016549512	-0.00014030411	86.93829	-0.23886108	79.0	0.36669144	0.0024282294	570000	53311.41466522217
114	-3.9089115	2.2468944	-0.7	-10.0	0.00990099	0.09900991	1.0	0.0	49.435642	689.0	0.0011982608695652174	-1.7586474	1.7367814	1.3872386	-10.218537	0.00028543035	0.011200511	0.4178624	-0.015708063	3.3797232e-10	-3.4621702e-05	3.8146972e-10	2.5363026e-06	1.093798	-0.53511524	0.0026552437	-0.0021255168	86.69943	-0.13948059	79.0	0.38126153	0.0027108963	575000	53708.117478609085
115	-4.406522	2.3619173	-0.7	-10.0	0.010869565	0.10368904	1.0	0.0	53.989132	690.0	0.001189655172413793	-1.8825797	1.7041802	1.3974526	-7.3983684	0.00439188	0.06591607	1.5223631	-0.034752645	1.9245628e-11	-3.0448698e-05	-7.748604e-11	-4.581988e-07	0.9874037	-0.32572705	0.0008166154	-0.00071964087	86.55995	0.038146973	79.0	0.3994406	0.0019413484	580000	54106.09217476845
116	-4.4186816	2.6516805	-1.1	-10.0	0.010989011	0.104250915	1.0	0.0	53.857143	691.0	0.0011811965811965811	-2.4470928	2.3528893	1.3517995	-11.580743	0.008113257	0.056225996	0.8491378	-0.017618557	-1.8253027e-10	-5.7376506e-05	-1.2516975e-10	-3.9290455e-05	2.0608969	-1.1212275	0.0022238812	-0.0016006527	86.5981	0.061569214	79.0	0.37078238	0.0026976848	585000	54502.99466252327
117	-4.4175825	2.5576258	-0.9	-10.0	0.010989011	0.104250915	1.0	0.0	53.967033	692.0	0.0011728813559322034	-2.678865	2.7462583	1.9705826	-11.318785	0.0040853075	0.041924417	1.1408963	-0.018426076	4.2688332e-11	-2.4968636e-05	1.6093255e-10	-6.144464e-07	1.5408049	-0.44880462	0.0015218129	-0.00033004116	86.65967	0.06413269	79.0	0.40938514	0.002039904	590000	54902.46100449562
118	-4.1216493	2.3367183	-0.6	-10.0	0.020618556	0.14210358	1.0	0.0	51.195877	694.0	0.0011663865546218488	-2.148579	2.1118362	1.6618736	-9.844835	0.0064326553	0.06222606	0.98414356	-0.015677262	-1.7312073e-10	-1.6681337e-05	-1.3113022e-10	-4.926562e-07	1.2179344	-0.6797838	0.0034365002	-0.0011231408	86.7238	0.57437134	79.0	0.36537644	0.0014606491	595000	55302.14065217972
119	-4.4373627	2.2445366	-0.8	-10.0	0.0	0.0	0.0	0.0	54.76923	694.0	0.0011566666666666667	-2.1699014	2.1941767	1.7231967	-11.211819	0.0018205314	0.02120204	0.68165207	-0.018662298	2.971921e-10	-4.6074812e-05	1.1920929e-11	-6.7871806e-06	1.9175047	-0.75969315	0.0004194727	-0.00039822646	87.29817	-0.38108826	79.0	0.39283502	0.0030092706	600000	55701.253819942474
120	-3.924	2.0048003	-0.6	-10.0	0.0	0.0	0.0	0.0	49.91	694.0	0.001147107438016529	-1.9119326	2.0078695	2.0036895	-9.828377	0.0012433573	0.005102752	0.15061373	-0.021867491	-1.5086942e-11	-3.1324314e-05	-2.4586916e-11	-1.0744974e-06	0.91108865	-0.5911688	2.1854257e-05	-1.4488329e-05	86.91708	-0.7000046	79.0	0.3672236	0.0025750645	605000	56102.107805252075
121	-4.573034	2.3689833	-0.5	-10.0	0.011235955	0.1054026	1.0	0.0	55.741573	695.0	0.001139344262295082	-2.0375328	1.9389889	1.565018	-11.381902	0.0017822823	0.011450211	0.30388603	-0.076635204	2.537237e-10	-5.3057196e-05	2.9206276e-10	-1.4481408e-05	0.9856916	-0.41007006	0.0026420422	-0.00084803475	86.21708	-0.09202576	79.0	0.35625592	0.003339701	610000	56500.63476228714
122	-3.5266054	1.8679155	-0.9	-10.0	0.036697246	0.18801744	1.0	0.0	45.55963	699.0	0.0011365853658536586	-1.8970951	2.2762592	1.3548598	-11.267153	0.002097069	0.020550014	0.36853012	-0.12157945	-6.1950356e-10	-4.5562934e-05	-6.377697e-10	-4.259897e-05	1.0813148	-0.6856953	0.009018119	-0.0065196753	86.12505	1.5184784	79.0	0.34188443	0.0054701357	615000	56901.73216295242
123	-4.2610526	2.4507484	-1.0	-10.0	0.042105265	0.20082933	1.0	0.0	52.221054	703.0	0.0011338709677419356	-1.9773769	2.013858	2.6331918	-9.571971	0.013072919	0.09120351	1.2333121	-0.026214493	-4.172951e-10	-6.85522e-05	-4.3511392e-10	-2.6461716e-05	1.1542641	-0.5328992	0.0064546135	-0.0029141298	87.64353	2.2183151	79.0	0.39963776	0.0037259338	620000	57299.26048159599
124	-4.272043	2.2842784	-1.1	-10.0	0.0	0.0	0.0	0.0	53.010754	703.0	0.0011248	-2.0915172	1.893768	1.9130553	-8.767998	0.0031053657	0.021012453	0.43946418	-0.033184063	5.1824343e-11	-4.6891055e-05	6.4074995e-11	-8.972005e-06	1.2696484	-0.37434345	0.00043095087	-0.0004076732	89.86185	-0.056396484	79.0	0.40424833	0.0033493629	625000	57696.46689796448
125	-4.358511	2.473838	-0.9	-10.0	0.021276595	0.14430487	1.0	0.0	53.18085	705.0	0.0011190476190476191	-2.1609933	2.067296	1.9035947	-11.442149	0.006084998	0.05550353	0.9765148	-0.02323109	5.108167e-10	-2.2884817e-05	5.4836274e-10	-1.3593792e-06	1.9639269	-0.924572	0.003578534	-0.0013005668	89.80545	0.49329376	79.0	0.36185792	0.0020512845	630000	58094.36168408394
126	-4.2421055	2.333264	-0.9	-10.0	0.042105265	0.20082933	1.0	0.0	52.610527	709.0	0.0011165354330708662	-2.1798043	1.999061	1.5376179	-10.661472	0.006180146	0.052515935	1.0446607	-0.043565616	-1.6833092e-10	-0.00021576884	-4.7683715e-11	-0.0003082539	1.2121254	-0.7169348	0.01178937	-0.002783006	90.298744	2.028984	19.0	0.37764478	0.0132517135	635000	58491.65319919586
127	-3.9169998	2.0331283	-1.1	-10.0	0.0	0.0	0.0	0.0	49.62	709.0	0.0011078125	-1.6119852	1.5849192	1.3425565	-6.9714417	0.02160751	0.06989452	0.9202559	-0.01975758	4.284418e-10	-0.00010271035	2.2649765e-10	-0.000121007455	0.7173333	-0.38819605	0.004780473	-0.0047001005	92.32773	-0.056617737	79.0	0.37206593	0.008652782	640000	58894.07540154457
128	-4.2691493	2.422019	-0.9	-10.0	0.010638298	0.102592036	1.0	0.0	52.52128	710.0	0.0011007751937984495	-1.6885992	1.607147	1.5306787	-7.0841455	0.004116385	0.021908846	0.6669778	-0.03312669	3.094004e-10	-5.7340952e-05	3.427267e-10	-2.4349925e-05	1.319256	-0.49229658	0.00083578547	-0.00070031424	92.27111	-0.12175751	79.0	0.41025272	0.0038078236	645000	59290.436989068985
129	-3.7576926	2.03407	-0.8	-10.0	0.048076924	0.21392882	1.0	0.0	47.83654	715.0	0.0011	-2.0201235	1.9093012	1.4359505	-10.074296	0.011496909	0.087301604	1.0804304	-0.052060433	-7.2312556e-10	-0.0003841525	-8.3446505e-10	-0.00047697208	0.9528365	-0.50050855	0.018955173	-0.0054572877	92.14935	2.2470016	12.0	0.39190504	0.028012136	650000	59689.987842559814
130	-3.7634618	2.0501435	-0.9	-10.0	0.028846154	0.16737399	1.0	0.0	48.0	718.0	0.0010961832061068702	-1.6119756	1.6581084	1.8724371	-7.642778	0.0151096005	0.069082856	1.0000722	-0.25032812	1.951299e-10	-0.00010757531	2.861023e-10	-0.00026381837	0.76915187	-0.3792453	0.00466619	-0.0021561335	94.396355	1.729599	2.0	0.39471063	0.03697973	655000	60091.64233660698
131	-4.1371136	2.2472582	-0.4	-10.0	0.041237112	0.19883817	1.0	0.0	51.350517	722.0	0.0010939393939393938	-2.1166728	1.9656175	1.6528168	-10.154245	0.0060754274	0.044223916	0.91020393	-0.04672575	5.058495e-10	-0.00056846376	5.1259996e-10	-0.0007325415	1.2248574	-0.59156	0.024149392	-0.0056514293	96.12595	2.1508865	6.0	0.3660325	0.035377122	660000	60489.67815518379
132	-3.8300972	2.1218162	-0.2	-10.0	0.067961164	0.25167924	1.0	0.0	48.4466	729.0	0.0010962406015037594	-1.6006045	1.6663672	1.968161	-7.2253013	0.04364838	0.0770549	0.9380992	-0.11734476	-8.654525e-10	-0.0003117995	-7.510185e-10	-0.00066793704	0.871074	-0.28617424	0.030811688	-0.014027707	98.27684	3.757019	2.0	0.42338672	0.059544556	665000	60889.42123866081
133	-3.8990102	1.8554974	-0.8	-10.0	0.02970297	0.1697666	1.0	0.0	49.445545	732.0	0.0010925373134328359	-1.5918579	1.6981637	2.2077906	-8.5722475	0.02931808	0.109036	1.049354	-0.24729435	-2.2660551e-10	-7.3235344e-05	-2.026558e-10	-0.00015301148	0.6402835	-0.23554718	0.0068386216	-0.0044216597	102.03386	1.9781952	3.0	0.42473722	0.012983185	670000	61299.57575392723
134	-4.00101	2.3014927	-0.5	-10.0	0.0	0.0	0.0	0.0	50.232323	732.0	0.0010844444444444445	-1.9366899	2.0266576	1.7285615	-10.266055	0.010151012	0.06945882	0.9293807	-0.15570825	-2.4045885e-10	-2.1033247e-05	-2.1159649e-10	-0.00010012331	1.0465283	-0.42844623	0.0016507102	-0.0007878531	104.012054	-0.23703766	9.0	0.42821217	0.01264187	675000	61815.714738845825
135	-3.918812	2.2451582	-0.6	-10.0	0.01980198	0.13931929	1.0	0.0	49.425743	734.0	0.0010794117647058823	-1.6571783	1.7228056	1.9570172	-8.142537	0.009682679	0.05006908	1.0430707	-0.16510361	-3.6253445e-10	-0.00027869013	-2.9802322e-10	-0.00045545257	0.6367499	-0.30085027	0.0066647613	-0.0033928077	103.77502	0.40258026	3.0	0.415967	0.03300991	680000	62339.201874017715
136	-3.9359999	2.210408	-0.7	-10.0	0.01	0.099498756	1.0	0.0	49.81	735.0	0.001072992700729927	-1.8786967	1.6714065	2.2799735	-8.036639	0.02717674	0.128682	1.1374615	-0.15917481	6.902805e-10	-5.500407e-05	6.9141387e-10	-7.793576e-05	0.7463537	-0.26578972	0.01786283	-0.01694191	104.1776	0.15569305	4.0	0.4147403	0.008871676	685000	62862.43834066391
137	-3.5090907	2.0073748	-1.0	-10.0	0.054545455	0.22709082	1.0	0.0	45.19091	741.0	0.0010739130434782608	-1.5908277	1.6582762	1.4483083	-7.754545	0.005340367	0.05073574	0.77004856	-0.029260514	-1.1528217e-09	-5.2815507e-05	-1.2278557e-09	-4.2397165e-05	0.6184059	-0.24806932	0.008068293	-0.004019474	104.33329	2.544609	79.0	0.3920881	0.006754986	690000	63389.898753643036
138	-3.7238092	1.8098421	-0.8	-10.0	0.03809524	0.19142622	1.0	0.0	47.609524	745.0	0.0010719424460431655	-1.6735561	1.9918257	2.2037861	-11.536928	0.010364941	0.078088745	1.0334436	-0.012353876	2.2574019e-10	-0.0003957732	3.0994415e-10	-0.00046700196	0.6221692	-0.28926378	0.010064441	-0.0022627334	106.8779	2.2853851	17.0	0.39844307	0.0140845915	695000	63912.199917554855
139	-4.4538465	2.277183	-1.1	-10.0	0.021978023	0.1466117	1.0	0.0	54.57143	747.0	0.0010671428571428572	-1.8162324	1.7771642	1.6818306	-9.387795	0.016239036	0.06094968	0.8759207	-0.021001622	-9.69884e-11	-0.000266779	-1.66893e-10	-0.00045895044	0.65350515	-0.30158377	0.003956203	-0.0019835802	109.163284	1.1365738	4.0	0.42783135	0.03178924	700000	64424.12872982025
140	-3.601886	1.8217233	-0.6	-10.0	0.0	0.0	0.0	0.0	46.81132	747.0	0.0010595744680851065	-1.5935256	1.799239	1.6479098	-10.539799	0.0010300122	0.009980324	0.23590508	-0.01719724	-1.473248e-10	-2.4413432e-05	-5.960465e-11	-7.840421e-06	0.43755123	-0.17670405	0.000100419995	-9.076383e-05	110.29986	-0.37735748	79.0	0.43595263	0.0022100639	705000	64942.243495464325
141	-4.0091834	2.105391	-0.6	-10.0	0.040816326	0.19786449	1.0	0.0	50.19388	751.0	0.0010577464788732395	-1.6882468	1.7705401	1.5341809	-9.993084	0.0076660826	0.07224696	0.95470005	-0.017463747	5.5879484e-10	-2.8991613e-05	6.9141387e-10	-3.2779099e-06	0.8528875	-0.42591858	0.005641824	-0.0025318542	109.9225	1.6236725	79.0	0.40528926	0.0031972704	710000	65462.981530189514
142	-3.695238	1.9769809	-0.9	-10.0	0.00952381	0.09712419	1.0	0.0	47.42857	752.0	0.0010517482517482517	-1.593412	1.6139904	1.6325878	-7.762645	0.0020002648	0.040430374	0.83106154	-0.027177123	2.0705108e-10	-3.794525e-05	1.3709069e-10	-1.0813773e-06	0.9403547	-0.4895684	0.00044487772	-0.00016274012	111.54617	0.4681778	79.0	0.4054713	0.00364625	715000	65990.1709523201
143	-4.2734046	2.4361715	-1.2	-10.0	0.010638298	0.102592036	1.0	0.0	52.68085	753.0	0.0010458333333333333	-2.350638	2.4339063	1.425241	-11.816499	0.002751032	0.047883898	1.0007747	-0.030442018	-3.342125e-10	-0.00035538006	-3.695488e-10	-0.0005513306	1.4323354	-0.7398792	0.009196174	-0.003188008	112.01435	0.037574768	3.0	0.42079508	0.05181664	720000	66511.33840632439
144	-3.9755104	2.0233362	-0.6	-10.0	0.0	0.0	0.0	0.0	50.530613	753.0	0.0010386206896551725	-1.6630176	1.740004	1.8732858	-9.6122875	0.00604702	0.021031223	0.16942725	-0.03277771	-2.1943822e-11	5.2302952e-05	-2.3841857e-11	-2.7917768e-05	0.7478213	-0.49805188	0.0004340106	-0.00039098348	112.051926	-0.597229	3.0	0.43413213	0.0148117645	725000	67039.38522815704
145	-4.0226803	2.1210535	-1.0	-10.0	0.030927835	0.17312223	1.0	0.0	50.54639	756.0	0.0010356164383561644	-1.7755613	1.7209065	1.2129592	-9.692181	0.0004127346	0.00890936	0.29611123	-0.19402087	-6.915296e-10	-8.8513516e-05	-7.987022e-10	-9.571739e-05	0.6032522	-0.2584426	0.01210761	-0.007916277	111.4547	1.1143112	35.0	0.41063574	0.012418952	730000	67566.29303574562
146	-4.4326086	2.4828153	-1.5	-10.0	0.0	0.0	0.0	0.0	54.25	756.0	0.0010285714285714286	-1.9949397	1.9139578	1.732492	-9.107651	0.015657192	0.0726025	0.7095312	-0.01470025	1.548056e-10	-9.6608055e-05	2.2649765e-10	-9.07431e-05	1.0333184	-0.4603278	0.0055288435	-0.0055216355	112.56901	-0.26207733	29.0	0.3739852	0.012783538	735000	68094.81447386742
147	-4.133684	2.071034	-1.0	-10.0	0.0	0.0	0.0	0.0	51.989475	756.0	0.0010216216216216217	-1.8214184	1.8137412	2.0343933	-9.038348	-0.00042604495	0.008337911	0.452574	-0.013331725	2.225278e-13	-1.933814e-05	4.4703486e-12	-2.8945685e-06	0.6253192	-0.33656645	6.968399e-05	-6.2998595e-05	112.30693	-0.80542755	79.0	0.3615648	0.001987302	740000	68620.26580381393
148	-4.062245	2.2033608	-0.3	-10.0	0.020408163	0.14139192	1.0	0.0	50.72449	758.0	0.0010174496644295302	-1.8893024	1.8407958	1.5861465	-8.521089	0.00016418903	0.010358689	0.42727423	-0.008693939	-3.6250342e-10	-3.7284186e-05	-4.529953e-10	-9.755564e-06	0.9138803	-0.42660168	0.0048105605	-0.0019617705	111.5015	0.48464203	79.0	0.34741205	0.0035589738	745000	69151.30913472176
149	-3.575701	1.8419737	-0.5	-10.0	0.0	0.0	0.0	0.0	46.448597	758.0	0.0010106666666666667	-1.5708568	1.6008801	1.8434428	-7.0545187	0.0018785265	0.011465764	0.17549492	-0.006105019	2.5321892e-11	-5.153487e-05	0.0	-2.363756e-05	0.37771997	-0.13838103	0.0001348355	-0.00012793107	111.986145	-0.4703827	79.0	0.39192533	0.004518968	750000	69678.56989455223
