Epoch	AverageEpRet	StdEpRet	MaxEpRet	MinEpRet	AverageEpCost	StdEpCost	MaxEpCost	MinEpCost	EpLen	CumulativeCost	CostRate	AverageVVals	StdVVals	MaxVVals	MinVVals	AverageCostVVals	StdCostVVals	MaxCostVVals	MinCostVVals	LossPi	DeltaLossPi	SurrCost	DeltaSurrCost	LossV	DeltaLossV	LossVC	DeltaLossVC	Penalty	DeltaPenalty	StopIter	Entropy	KL	TotalEnvInteracts	Time
0	-1.8299019	1.5272166	-0.3	-8.2	0.47549018	0.4993989	1.0	0.0	24.44608	97.0	0.0194	-0.27117023	0.10854123	0.21322583	-0.61083454	0.8277996	0.32183936	1.2398568	0.08212693	-4.915758e-09	-0.0009468864	-8.153916e-09	-0.0010087705	2.2254453	-1.1963154	0.53321356	-0.40542638	10.0	1.9991455	4.0	1.0915568	0.015074594	5000	498.72748017311096
1	-1.6056522	1.213444	-0.3	-7.9	0.50869566	0.4999244	1.0	0.0	21.7	214.0	0.0214	-0.88566154	0.6936574	1.4449898	-2.8973227	0.30974364	0.18921489	0.79970264	-0.14984217	-9.0965885e-10	-0.001300258	-9.059906e-10	-0.004473377	0.8494125	-0.23772031	0.16490366	-0.013753608	11.9991455	2.0643663	8.0	1.0696981	0.020159472	10000	1011.7942221164703
2	-3.0809162	2.692543	-0.3	-10.0	0.35114503	0.47732818	1.0	0.0	37.694656	260.0	0.017333333333333333	-0.9580081	0.721281	1.015533	-3.181539	0.20895693	0.20834023	0.90322304	-0.13223675	2.8845357e-09	-0.0011829605	9.2983243e-10	-0.0042736162	2.9063115	-1.2340838	0.0953238	-0.022387192	14.063512	1.6419964	6.0	1.0581002	0.020693883	15000	1517.2027864456177
3	-4.6586957	3.1267483	-0.4	-10.0	0.27173913	0.44485617	1.0	0.0	53.641304	285.0	0.01425	-2.0117757	1.1708755	1.6067296	-5.017117	0.0720607	0.14918949	1.2447032	-0.1824141	1.1970817e-10	-0.0012859518	3.33786e-10	-0.0033625143	2.6056118	-0.4516251	0.048673403	-0.0056693666	15.705508	1.3419294	5.0	1.0359695	0.0178569	20000	2020.3572719097137
4	-6.7417912	3.0318286	-1.0	-10.0	0.104477614	0.30587915	1.0	0.0	73.82089	292.0	0.01168	-2.5935597	1.3925835	2.4723623	-6.366075	0.051545598	0.095506065	0.5458695	-0.09467697	-1.0746024e-10	-0.0003430014	1.335144e-09	-0.0013543045	2.4154668	-0.6911683	0.01691073	-0.0046328157	17.047438	0.69670105	7.0	1.0074273	0.015330272	25000	2509.6810216903687
5	-7.532258	3.143902	-0.9	-10.0	0.06451613	0.2456701	1.0	0.0	79.935486	296.0	0.009866666666666666	-3.5627882	1.6249093	1.3067397	-7.162507	0.014527854	0.049387563	0.4220886	-0.07039383	7.233919e-10	-0.0011229928	1.192093e-10	-0.000303063	2.2090023	-0.30995739	0.00869875	-0.001468115	17.744139	0.36313248	79.0	0.9740955	0.009575633	30000	3002.139846801758
6	-7.4258065	2.6891618	-0.4	-10.0	0.048387095	0.21458282	1.0	0.0	80.645164	299.0	0.008542857142857144	-3.864268	1.6598951	1.642496	-8.190416	0.012877615	0.04290537	0.31362835	-0.070576526	-2.1584214e-11	-0.000587283	2.1159649e-10	3.9383398e-05	2.6817093	-0.22498631	0.012561002	-0.0013348451	18.107271	0.27031708	9.0	0.9693371	0.016528487	35000	3495.527636051178
7	-5.5168834	2.5730069	-0.7	-10.0	0.09090909	0.2874798	1.0	0.0	64.02597	306.0	0.00765	-3.650267	1.6550444	1.2060846	-8.922917	0.028063666	0.037395965	0.32040584	-0.07927823	1.2224642e-09	-0.00033414955	1.7404557e-09	0.00015479473	3.3218906	-1.470105	0.024508439	-0.0050647985	18.377588	0.50141144	7.0	0.9978709	0.016865812	40000	3984.7820744514465
8	-4.4585104	2.7962897	-0.4	-10.0	0.17021276	0.37581965	1.0	0.0	53.12766	322.0	0.007155555555555556	-2.6505492	1.451731	2.7199554	-6.217598	0.029937942	0.06705233	0.623437	-0.13977219	-4.096796e-09	-0.0011005234	-3.5762786e-09	-0.0022066147	1.9247575	-0.38130355	0.038077906	-0.008284366	18.879	1.0584869	8.0	1.0320474	0.021486431	45000	4492.228598356247
9	-4.883908	2.5598075	-0.3	-10.0	0.1954023	0.3965101	1.0	0.0	57.057472	339.0	0.00678	-2.3637474	1.5854208	2.4103103	-6.309447	0.04086362	0.082054615	0.4722119	-0.15056998	-1.2814111e-09	-0.00094259036	-1.0251999e-09	-0.0018612824	1.2168372	-0.17475569	0.056138728	-0.008881453	19.937487	1.3868618	20.0	0.98135734	0.01389867	50000	4992.8024644851685
10	-5.4141016	2.427393	-0.9	-10.0	0.07692308	0.26646933	1.0	0.0	63.589745	345.0	0.006272727272727273	-2.1097856	1.5029587	3.417572	-5.45983	0.07034832	0.10090326	0.79970413	-0.40818226	2.4261237e-09	-0.0014381267	7.867813e-10	-0.0018319581	1.2875115	-0.24674463	0.026930703	-0.0067890156	21.324348	0.74936104	57.0	0.9743429	0.012303085	55000	5496.093377113342
11	-5.1695123	2.324928	-0.8	-10.0	0.09756097	0.29672012	1.0	0.0	60.951218	353.0	0.005883333333333333	-2.317636	1.5489478	1.6893677	-6.6883845	0.04019961	0.04818325	0.29843166	-0.07411619	1.5674341e-09	-0.0012790783	1.9192696e-09	-0.0017708696	1.3377173	-0.10897827	0.029633654	-0.0023536012	22.07371	0.7112045	47.0	0.96698105	0.0126023805	60000	5992.929846763611
12	-5.1148148	2.3638277	-0.5	-10.0	0.024691358	0.15518278	1.0	0.0	61.333332	355.0	0.005461538461538461	-2.121588	1.5480131	1.9629468	-5.8066883	0.03447747	0.06137334	0.54268867	-0.23150551	9.813326e-10	-0.00034823475	3.33786e-10	-0.00016244026	0.8520168	-0.06939423	0.0149177825	-0.0036356235	22.784914	0.27215385	8.0	0.96155745	0.01561571	65000	6490.383445978165
13	-4.1222224	2.3472552	-0.3	-10.0	0.14141414	0.34844822	1.0	0.0	50.444443	369.0	0.005271428571428571	-2.2434711	1.5602757	1.9527373	-6.0129285	0.02721283	0.04527338	0.34627718	-0.26494887	6.7700294e-12	-0.00069114234	1.4960766e-09	-0.0015020005	1.0641422	-0.2584716	0.049581796	-0.006934043	23.057068	0.98028946	9.0	0.9924451	0.016876282	70000	6989.296438217163
14	-4.8494115	2.2939625	-0.4	-10.0	0.05882353	0.23529413	1.0	0.0	58.458824	374.0	0.004986666666666667	-1.8578914	1.5237238	2.4576635	-5.5089445	0.057856377	0.085658	0.45578712	-0.16512102	-1.9212507e-09	-0.00071966177	-1.013279e-09	-0.0005836393	0.7704901	-0.13383335	0.022912607	-0.0045410544	24.037357	0.6324043	79.0	0.96002424	0.00821343	75000	7491.404401302338
15	-4.503297	2.1470885	-0.3	-10.0	0.06593407	0.24816681	1.0	0.0	54.824177	380.0	0.00475	-2.0238109	1.5386097	1.8726885	-5.617563	0.019475326	0.04689417	0.29732645	-0.0891865	-2.5922005e-09	-0.00088958815	-2.0980835e-09	-0.00086266024	0.69662565	-0.122746706	0.02643869	-0.0027905796	24.669762	0.54385567	56.0	0.96829414	0.012121389	80000	8000.527836561203
16	-4.7310348	2.2251081	-0.4	-10.0	0.03448276	0.18246558	1.0	0.0	57.42529	383.0	0.004505882352941176	-2.0146642	1.4561408	2.1195624	-5.865838	0.056895617	0.074788265	0.4674735	-0.100395635	-5.2456034e-10	-0.0003765855	-2.503395e-10	-0.00028339017	0.9998703	-0.12526113	0.015546978	-0.0044080988	25.213617	0.3262081	8.0	0.94041914	0.016454116	85000	8493.795677900314
17	-4.8279066	2.259278	-0.6	-10.0	0.10465116	0.30610344	1.0	0.0	57.744186	392.0	0.004355555555555555	-2.0579004	1.6794556	2.7641547	-6.4540963	0.022532055	0.044225343	0.23075831	-0.0883117	-1.0318858e-09	-0.000862322	-6.9141387e-10	-0.0012163816	0.8472836	-0.13206875	0.043737084	-0.008202761	25.539825	0.8546982	22.0	0.90872717	0.013464237	90000	8915.813594341278
18	-4.058586	1.9049118	-0.3	-10.0	0.08080808	0.27254012	1.0	0.0	50.474747	400.0	0.004210526315789474	-2.017832	1.6720157	2.146885	-6.8193703	0.07195539	0.10476106	0.5952097	-0.21497546	1.1651536e-09	-0.00035293883	1.8596649e-09	-0.0012591191	1.051508	-0.49509943	0.034825932	-0.009741263	26.394524	0.8432293	5.0	0.92897755	0.020921225	95000	9326.016229391098
19	-5.0365853	1.9381607	-0.9	-10.0	0.024390243	0.15425743	1.0	0.0	60.963413	402.0	0.00402	-1.6556748	1.405405	1.8200533	-5.253597	0.029670255	0.060697738	0.3271515	-0.19923013	2.4189333e-09	-0.0005815967	1.5974044e-09	-0.00044332116	0.6797386	-0.1679393	0.010810466	-0.0023749927	27.237753	0.30768585	41.0	0.91088164	0.012943086	100000	9733.950784921646
20	-5.19125	2.107261	-0.3	-10.0	0.05	0.21794495	1.0	0.0	62.225	406.0	0.0038666666666666667	-2.0959094	1.5287493	2.0029016	-6.001234	0.013568042	0.038872812	0.24880598	-0.123124786	-1.3863585e-09	-0.0008336273	-1.3709068e-09	-0.0012386169	0.7042532	-0.067445636	0.018112473	-0.0019232631	27.545439	0.41362572	40.0	0.91068494	0.012344618	105000	10128.674464464188
21	-4.8963857	2.063711	-0.7	-8.9	0.036144577	0.18664981	1.0	0.0	59.566265	409.0	0.0037181818181818184	-1.9783468	1.5555843	2.3092663	-5.419384	0.03253587	0.046341546	0.30263695	-0.09126909	1.4915196e-09	-0.00042263168	1.3709068e-09	-0.0005491721	0.67966413	-0.111907184	0.010040429	-0.0013350295	27.959064	0.35963058	10.0	0.92570263	0.012821908	110000	10502.040517091751
22	-4.626437	2.2748227	-0.3	-10.0	0.011494253	0.10659333	1.0	0.0	56.632183	410.0	0.0035652173913043477	-1.984575	1.6128138	1.8652333	-5.972292	0.0092626605	0.036965687	0.28803954	-0.091136746	-3.8241915e-10	-0.00015422741	-2.4437904e-10	3.6962472e-05	0.6531716	-0.09807491	0.0025648207	-0.00075404707	28.318695	0.088739395	7.0	0.8731914	0.011051913	115000	10872.472118377686
23	-4.4733334	1.7979496	-0.9	-10.0	0.022222223	0.14740555	1.0	0.0	55.366665	412.0	0.0034333333333333334	-2.0202177	1.6367449	2.0969882	-6.433174	0.002381934	0.021218546	0.15814531	-0.10514007	-2.435531e-10	-0.00014497915	-2.3841857e-11	-3.26988e-05	0.5481844	-0.1743409	0.0059928442	-0.0005842042	28.407434	0.13093185	6.0	0.89448303	0.019181155	120000	11245.26374053955
24	-4.167708	1.9115599	-0.4	-10.0	0.041666668	0.1998263	1.0	0.0	51.875	416.0	0.003328	-1.7401785	1.4110963	2.054162	-5.2511535	0.013451608	0.03381873	0.2547382	-0.059188027	2.2519353e-10	-0.0004174963	3.0994415e-10	-0.0011169416	0.8235721	-0.108184814	0.017402409	-0.0044838144	28.538366	0.3721676	8.0	0.9154916	0.013912705	125000	11617.374409914017
25	-4.7917647	1.8366985	-1.0	-10.0	0.03529412	0.18452221	1.0	0.0	58.52941	419.0	0.003223076923076923	-1.8245229	1.4072124	1.5048101	-5.541267	0.027425561	0.09731085	0.6891623	-0.14150058	1.2104652e-09	-0.0011713086	1.2457371e-09	-0.0012642391	0.51389354	-0.101141006	0.02341673	-0.011368673	28.910534	0.37454796	34.0	0.8791948	0.012567921	130000	11989.6208486557
26	-4.3184786	1.7442409	-0.9	-10.0	0.032608695	0.17761017	1.0	0.0	53.826088	422.0	0.003125925925925926	-1.685775	1.5163872	1.8153468	-5.380016	0.0266544	0.08334433	0.8108972	-0.06712566	-6.181568e-10	-0.0010495468	-5.960465e-11	-0.0015552684	0.4881048	-0.06877917	0.017522898	-0.0069313413	29.285082	0.33622932	9.0	0.86372733	0.014742493	135000	12361.38636469841
27	-4.706897	2.1838906	-0.4	-10.0	0.011494253	0.106593326	1.0	0.0	57.436783	423.0	0.0030214285714285716	-1.8459969	1.477366	2.051232	-5.2133527	0.008457228	0.028994028	0.23777829	-0.050895423	1.6194503e-10	-0.0007107076	4.4107437e-10	-0.00075378385	0.70284045	-0.13190603	0.0043968675	-0.0008620976	29.621311	0.091991425	74.0	0.8061919	0.01226335	140000	12733.486142396927
28	-4.1083336	1.7540232	-0.6	-10.0	0.010416667	0.10152909	1.0	0.0	51.739582	424.0	0.002924137931034483	-1.7926115	1.5897796	1.463575	-5.646198	0.007868269	0.01632385	0.11204333	-0.03757385	-1.3707288e-10	-0.00020842014	1.7285347e-10	-1.1101795e-05	0.6147545	-0.15293872	0.005212539	-0.0030441657	29.713303	0.011011124	5.0	0.7812272	0.010699203	145000	13105.629005432129
29	-3.809804	1.5733385	-0.5	-7.5	0.04901961	0.21590893	1.0	0.0	48.558823	429.0	0.00286	-1.6566094	1.4448559	1.5408428	-4.810058	0.0064708884	0.05181675	0.72367257	-0.053984433	-1.4861622e-09	-0.0009384323	-1.4334917e-09	-0.0010596662	0.41270742	-0.09326622	0.025841067	-0.007734636	29.724314	0.48220634	12.0	0.7832256	0.015526555	150000	13478.062829494476
30	-3.809804	1.6701832	-0.6	-8.4	0.039215688	0.19410774	1.0	0.0	48.666668	433.0	0.002793548387096774	-1.4428473	1.3521346	1.2288896	-4.8968697	0.036671203	0.06583112	0.33597198	-0.08602817	1.1652697e-09	-0.00057968847	1.5258789e-09	-0.0006955935	0.46902946	-0.0815506	0.030522669	-0.010319263	30.20652	0.50878334	79.0	0.7593497	0.011378628	155000	13851.825234889984
31	-3.6438093	1.8184202	-0.5	-10.0	0.03809524	0.1914262	1.0	0.0	47.019047	437.0	0.00273125	-1.4355602	1.3794482	2.5040004	-4.9081893	0.027539805	0.04302769	0.22905728	-0.119007036	1.1552078e-09	-0.0007165259	1.3232231e-09	-0.00079064997	0.48492792	-0.110829204	0.02209663	-0.0047781114	30.715303	0.473032	32.0	0.7648695	0.01281706	160000	14226.31380558014
32	-3.934343	1.8463266	-0.3	-10.0	0.02020202	0.14069079	1.0	0.0	50.121212	439.0	0.002660606060606061	-1.6140516	1.4330078	2.1834662	-5.1346717	0.027351456	0.05583342	0.27692193	-0.27072608	1.0669895e-09	-0.0007518707	1.3947486e-09	-0.00068537344	0.3656521	-0.08310151	0.013488387	-0.002854688	31.188335	0.2394619	79.0	0.7451556	0.0107999975	165000	14601.618790864944
33	-3.9545455	1.8781182	-0.5	-10.0	0.02020202	0.14069079	1.0	0.0	50.32323	441.0	0.0025941176470588236	-1.4643224	1.4366363	1.6179132	-5.5643425	0.0140609285	0.03719053	0.1915754	-0.2031808	4.1314416e-10	-0.0002970558	8.6426734e-11	-0.00026314383	0.49623057	-0.07540059	0.013483168	-0.0042604674	31.427797	0.17987442	4.0	0.72217417	0.016336411	170000	14975.880913972855
34	-3.5935185	1.7467046	-0.5	-8.2	0.09259259	0.2898607	1.0	0.0	46.12037	451.0	0.0025771428571428573	-1.5713395	1.4708327	1.9108381	-5.23957	0.021790363	0.05463396	0.67041695	-0.09455688	-3.1597438e-09	-0.00050384656	-2.706051e-09	-0.0012679597	0.44693452	-0.08369762	0.052645788	-0.008819047	31.607672	1.191637	3.0	0.74923635	0.026961837	175000	15350.49743270874
35	-3.8455446	1.530581	-0.7	-8.4	0.0	0.0	0.0	0.0	49.455444	451.0	0.0025055555555555556	-1.4254397	1.3182926	1.2777219	-4.368266	0.06432658	0.085638314	0.8434604	-0.5702799	-1.8376586e-09	-0.0011356091	-1.7642975e-09	-0.0013450033	0.29755434	-0.04657352	0.011471181	-0.011067324	32.79931	0.18793488	55.0	0.7592674	0.012589855	180000	15725.492716550827
36	-3.559813	1.6836131	-0.7	-8.3	0.028037382	0.16507964	1.0	0.0	46.392525	454.0	0.002454054054054054	-1.4003869	1.3644406	1.4981706	-4.6809835	-0.004161221	0.019811967	0.17165045	-0.1534857	7.587425e-10	-0.000584146	1.1980533e-09	-0.0005540031	0.30623302	-0.03441122	0.014880722	-0.0014481284	32.987244	0.2274971	18.0	0.7674215	0.01326969	185000	16172.456827402115
37	-3.7201922	1.473378	-1.0	-7.8	0.03846154	0.19230768	1.0	0.0	47.778847	458.0	0.0024105263157894736	-1.4610457	1.4002243	1.6944981	-4.834681	0.019059967	0.030329453	0.2914889	-0.061400775	7.132635e-10	-0.0005788796	6.198883e-10	-0.0007496588	0.29930082	-0.047938466	0.013745114	-0.0014025792	33.21474	0.50074005	14.0	0.71395147	0.013343223	190000	16622.26959514618
38	-3.7211537	1.7270846	-0.3	-8.4	0.01923077	0.13733517	1.0	0.0	48.0	460.0	0.002358974358974359	-1.4374828	1.3730708	1.3868833	-4.5943704	0.01482417	0.034795802	0.34620634	-0.16582842	-6.424629e-10	-0.0006039473	-8.8214874e-10	-0.00064632524	0.32038283	-0.031783372	0.008135963	-0.00074543897	33.71548	0.2634735	31.0	0.7429741	0.01357543	195000	17075.236097097397
39	-3.511009	1.5700372	-0.6	-7.8	0.036697246	0.18801744	1.0	0.0	45.80734	464.0	0.00232	-1.3980879	1.4022007	1.4795403	-4.5290766	0.013352887	0.024709906	0.22074845	-0.14023541	-1.2174558e-09	-0.00032303357	-1.5199184e-09	-0.0010677583	0.26397118	-0.05657889	0.020246662	-0.001437882	33.978954	0.4615593	3.0	0.69977033	0.024285018	200000	17523.664010047913
40	-4.142105	1.8991178	-1.3	-10.0	0.0	0.0	0.0	0.0	52.305264	464.0	0.0022634146341463414	-1.3715457	1.3088346	1.1937399	-4.819857	0.022334607	0.036148403	0.2934047	-0.07810451	6.485784e-11	-6.713794e-05	-4.6491622e-10	-7.365988e-05	0.4659499	-0.17779648	0.0017912824	-0.0015806707	34.440514	-0.040584564	9.0	0.69893557	0.013942776	205000	17973.911970853806
41	-3.7446604	1.7412599	-0.4	-10.0	0.019417476	0.1379871	1.0	0.0	48.126213	466.0	0.002219047619047619	-1.5949575	1.5154691	1.42199	-5.2516284	0.0010207489	0.01867849	0.23907404	-0.12867527	-2.8960449e-11	-0.00023861178	-2.9802324e-11	-0.00066961034	0.43254852	-0.09961632	0.008323572	-0.00069086347	34.39993	0.11133957	4.0	0.7072646	0.015602722	210000	18426.47976064682
42	-3.8739998	1.7726036	-0.5	-10.0	0.0	0.0	0.0	0.0	49.63	466.0	0.0021674418604651162	-1.4774611	1.424375	1.2313492	-5.318264	0.00799993	0.01929292	0.12775725	-0.062397942	-3.9747455e-10	-8.28024e-05	-3.039837e-10	2.0088419e-05	0.25749725	-0.03828597	0.00043840852	-0.00034329906	34.51127	-0.1252861	5.0	0.7001593	0.013595566	215000	18877.21154689789
43	-3.8880002	1.6486528	-0.5	-8.8	0.01	0.099498756	1.0	0.0	49.77	467.0	0.0021227272727272727	-1.4845058	1.4626138	1.6212468	-5.090297	-0.0013713498	0.0111519	0.077265896	-0.076785155	-8.4198887e-10	-0.00018928004	-1.3157725e-09	-0.0003577131	0.37273732	-0.073812574	0.0077614663	-0.001466353	34.385983	-0.04755783	3.0	0.7091308	0.028642258	220000	19328.642959594727
44	-3.7737863	1.6794566	-0.4	-8.7	0.058252428	0.23422013	1.0	0.0	48.31068	473.0	0.0021022222222222223	-1.5753752	1.4734304	1.6962845	-5.033162	0.012672279	0.03123498	0.15288672	-0.09384568	-5.67596e-10	-0.00078699423	-5.841255e-10	-0.001160577	0.3081867	-0.07634486	0.034136917	-0.00704208	34.338425	0.8512993	8.0	0.7108337	0.01684008	225000	19776.819400310516
45	-3.6518865	1.7781818	-0.5	-10.0	0.047169812	0.21200193	1.0	0.0	47.0	478.0	0.0020782608695652173	-1.3988383	1.4261289	1.3229898	-5.012009	0.034808345	0.06637009	0.45293388	-0.09393662	-6.234427e-10	-0.00026514858	-1.66893e-10	-0.0009465666	0.28833896	-0.034282386	0.032311827	-0.0064872056	35.189724	0.91057587	3.0	0.68529314	0.024150962	230000	20223.173824071884
46	-3.9948978	2.0160263	-0.3	-10.0	0.030612245	0.17226474	1.0	0.0	50.5	481.0	0.002046808510638298	-1.4507285	1.4376383	1.9453881	-4.712942	0.039130583	0.054077685	0.23444778	-0.1527741	1.2174295e-09	-0.0005925573	1.2934208e-09	-0.0007798952	0.4532827	-0.087468565	0.021929877	-0.006290786	36.1003	0.57315445	12.0	0.6336046	0.01280887	235000	20674.740005731583
47	-4.057732	1.7893059	-0.8	-8.7	0.030927835	0.17312223	1.0	0.0	51.350517	484.0	0.0020166666666666666	-1.6701641	1.4612044	0.96994686	-5.2246437	0.025474405	0.053151485	0.39749476	-0.13291605	-8.305742e-10	-0.0004903562	-9.0003016e-10	-0.00059061515	0.3251577	-0.045479536	0.016673619	-0.0028587691	36.673454	0.5058212	30.0	0.6449061	0.012671052	240000	21125.66275048256
48	-3.9120002	1.7499303	-0.5	-10.0	0.02	0.14	1.0	0.0	49.9	486.0	0.0019836734693877553	-1.55473	1.4635272	1.5870644	-4.767241	0.014359097	0.03281646	0.17634335	-0.08815892	9.772525e-10	-0.00041373886	8.881092e-10	-0.0005850031	0.24835786	-0.032853663	0.014033502	-0.0022683786	37.179276	0.30719376	32.0	0.6227656	0.012164778	245000	21576.957384824753
49	-3.6132073	1.6228949	-0.4	-10.0	0.028301887	0.16583392	1.0	0.0	46.71698	489.0	0.001956	-1.449581	1.4890556	1.4738611	-5.960415	0.013907839	0.03417344	0.2175779	-0.07827569	-5.7496513e-10	-0.00059795775	-5.3942206e-10	-0.00084637455	0.23265027	-0.04039836	0.014522662	-0.0019218586	37.48647	0.4170227	15.0	0.59323514	0.014007091	250000	22026.404504299164
50	-4.0091834	1.8605511	-0.6	-10.0	0.0	0.0	0.0	0.0	50.97959	489.0	0.0019176470588235294	-1.4588836	1.3713136	0.9823372	-4.987575	0.024062078	0.06348406	0.6498006	-0.06982339	-9.46726e-10	-0.00010654385	-1.0371208e-09	-0.0002634804	0.349738	-0.081128806	0.0045986585	-0.0044351663	37.903492	-0.097545624	3.0	0.5780714	0.022784026	255000	22476.72826719284
51	-3.8979797	1.6259872	-0.4	-10.0	0.0	0.0	0.0	0.0	49.868687	489.0	0.0018807692307692308	-1.5626246	1.5325755	1.4624215	-5.345983	0.001509012	0.016707655	0.097057596	-0.12501019	3.76658e-10	3.4207806e-06	5.364418e-11	-3.3730354e-05	0.25716108	-0.057105973	0.0002812718	-0.00016364193	37.805946	-0.26107788	3.0	0.5685413	0.01562884	260000	22929.13322520256
52	-3.6066039	1.564058	-1.0	-8.4	0.009433962	0.09666934	1.0	0.0	46.962265	490.0	0.001849056603773585	-1.4623971	1.4490191	1.3492891	-5.2460446	-0.0010627756	0.009380459	0.042493735	-0.046569325	-1.5381824e-10	-0.00021357664	-2.2649765e-10	-8.130983e-05	0.23714438	-0.03688945	0.006103117	-0.0002701655	37.54487	-0.07596588	79.0	0.5665918	0.004246762	265000	23380.4556787014
53	-3.6819048	1.9172292	-0.8	-10.0	0.01904762	0.13669239	1.0	0.0	47.29524	492.0	0.0018222222222222223	-1.3698161	1.403871	1.0962684	-4.9390697	0.0072322157	0.014387787	0.055404052	-0.10362971	-8.2123996e-10	-0.0003530983	-4.2319298e-10	-0.0004503747	0.7574382	-0.26108903	0.013632556	-0.0033866754	37.468903	0.18956375	13.0	0.54407966	0.014880676	270000	23834.69897222519
54	-3.7660196	1.6590177	-0.6	-8.0	0.03883495	0.19320147	1.0	0.0	48.339806	496.0	0.0018036363636363636	-1.54676	1.4891737	1.3360219	-5.653577	0.01630088	0.04198421	0.24295269	-0.11244579	8.921226e-10	-0.00077336683	3.8146972e-10	-0.0010561934	0.3531502	-0.10672265	0.023682669	-0.0048549008	37.658466	0.6879196	13.0	0.5482636	0.018456312	275000	24283.183054208755
55	-3.7582521	1.6010023	-0.4	-7.4	0.019417476	0.13798709	1.0	0.0	48.36893	498.0	0.0017785714285714286	-1.4525474	1.4611027	1.2263682	-4.8491955	0.02437746	0.042666517	0.2992158	-0.24461107	1.9180457e-09	-0.00060488714	1.8835067e-09	-0.00067299604	0.31739748	-0.06356147	0.013943792	-0.0022553308	38.346386	0.3927803	64.0	0.55086267	0.012305594	280000	24727.596913337708
56	-3.4396398	1.5652925	-0.4	-7.4	0.045045044	0.20740296	1.0	0.0	45.0	503.0	0.0017649122807017544	-1.3914738	1.366961	1.4352062	-4.7605076	0.021180062	0.034783237	0.14494583	-0.09211843	7.263027e-10	-0.00043241892	6.318092e-10	-0.0011990594	0.23453222	-0.042102993	0.023877485	-0.0026030894	38.739166	0.86281586	3.0	0.5772112	0.029067228	285000	25179.71605014801
57	-3.6711538	1.7103572	-0.4	-8.5	0.0	0.0	0.0	0.0	47.71154	503.0	0.0017344827586206896	-1.339669	1.3354743	1.2573584	-4.762642	0.0231407	0.046536334	0.24352285	-0.27060342	-3.938655e-10	-0.0002566118	1.0430813e-10	-0.00017796314	0.26528612	-0.04361239	0.0026966953	-0.002461606	39.601982	-0.0057640076	79.0	0.60161936	0.005011232	290000	25603.532129764557
58	-3.8970003	1.7804188	-0.5	-8.6	0.0	0.0	0.0	0.0	49.97	503.0	0.001705084745762712	-1.4867593	1.438067	1.3142513	-5.430422	-0.0018721374	0.017206924	0.07142185	-0.082106285	-6.026605e-11	-0.00013666766	-5.2154066e-11	-2.9077915e-05	0.30517623	-0.04563418	0.0002991658	-0.00017821079	39.59622	-0.30469513	79.0	0.56087697	0.003922493	295000	26017.84358406067
59	-3.423424	1.43671	-0.3	-6.5	0.036036037	0.18637985	1.0	0.0	45.036037	507.0	0.00169	-1.3589898	1.3457367	1.0901518	-4.8004227	0.0024384279	0.012830081	0.06286048	-0.052456953	-1.7430386e-09	-0.00041610794	-1.6272068e-09	-0.00043167165	0.24596408	-0.042123765	0.025370168	-0.0030615646	39.291523	0.5623627	13.0	0.6027207	0.013880466	300000	26427.00783610344
60	-3.614953	1.696164	-0.3	-8.6	0.06542056	0.24726647	1.0	0.0	46.635513	514.0	0.0016852459016393443	-1.4002436	1.3857502	1.2903727	-4.9865956	0.037581213	0.045122176	0.19573143	-0.16737549	9.542712e-10	-0.00028109338	7.867813e-10	-0.00081864715	0.24702148	-0.031090677	0.03554755	-0.005068306	39.853886	1.5366325	3.0	0.56342053	0.02016083	305000	26836.77648115158
61	-3.8186274	1.6249725	-0.6	-10.0	0.019607844	0.13864839	1.0	0.0	48.862743	516.0	0.001664516129032258	-1.3754125	1.3039395	1.6799507	-5.0337305	0.055017494	0.08274641	0.3750629	-0.23876198	1.0359343e-09	-0.00024852878	1.0609627e-09	-0.000592282	0.34288612	-0.0637064	0.017012069	-0.0077710105	41.39052	0.62586975	3.0	0.55987644	0.015046591	310000	27246.866051912308
62	-3.5296297	1.7120627	-0.7	-8.5	0.0	0.0	0.0	0.0	46.296295	516.0	0.0016380952380952382	-1.4142843	1.3853694	1.1872847	-5.861325	0.010079771	0.024497066	0.12253581	-0.055111695	-4.7576393e-10	-0.00015783646	-2.0563602e-10	-6.479589e-05	0.23226665	-0.04363063	0.00070170785	-0.0005843904	42.016388	-0.1834526	79.0	0.545224	0.0052604578	315000	27660.810530424118
63	-3.6599998	1.716952	-0.3	-10.0	0.0	0.0	0.0	0.0	47.49524	516.0	0.0016125	-1.3645397	1.4347643	1.5236074	-5.3248196	9.577918e-05	0.013758815	0.09008912	-0.06584948	-2.0426787e-10	-0.00019869526	-1.8179416e-10	-0.00011173207	0.3248854	-0.09132095	0.00019848578	-0.00010564943	41.832935	-0.3353157	79.0	0.5236355	0.006748403	320000	28074.793639421463
64	-4.165263	1.8526663	-0.6	-10.0	0.021052632	0.14355981	1.0	0.0	52.536842	518.0	0.0015938461538461538	-1.5844544	1.497202	1.2808142	-5.649465	-0.0002868462	0.009965974	0.085194126	-0.06025044	1.5378038e-09	-0.0005180797	1.4662742e-09	-0.00063564914	0.31292984	-0.07123904	0.013871669	-0.0045834286	41.49762	0.2177887	16.0	0.5130789	0.012701217	325000	28484.8417699337
65	-3.5682244	1.7641073	-0.6	-8.6	0.018691588	0.13543345	1.0	0.0	46.476635	520.0	0.0015757575757575758	-1.3940442	1.4157951	1.3693583	-5.748463	0.015583454	0.048080254	0.6084599	-0.06240548	2.423239e-11	-0.000376585	-2.861023e-10	-0.0005232522	0.23691204	-0.037631273	0.010227475	-0.0019608764	41.71541	0.3175583	12.0	0.50668067	0.014522436	330000	28894.662684202194
66	-3.8205884	1.6333137	-0.6	-8.9	0.019607844	0.13864838	1.0	0.0	48.990196	522.0	0.0015582089552238806	-1.4862121	1.427037	1.1975904	-5.234306	0.011517733	0.030887187	0.14661509	-0.08381037	-6.6223255e-10	-0.0004766222	-9.2983243e-10	-0.00062393455	0.27263412	-0.054525107	0.012170094	-0.00136925	42.032967	0.33796692	79.0	0.5273716	0.01164008	335000	29306.542506217957
67	-3.6807692	1.7185681	-0.6	-7.9	0.0	0.0	0.0	0.0	47.807693	522.0	0.0015352941176470587	-1.3967421	1.4485158	1.2706475	-5.579865	0.012820774	0.03120195	0.20566955	-0.0672804	1.3166995e-10	-0.00023952057	1.4603138e-10	-0.00014378395	0.24910547	-0.040128753	0.0011375138	-0.0010409448	42.370934	-0.21120071	79.0	0.54297453	0.008117754	340000	29718.054359674454
68	-4.110417	1.7255119	-0.3	-8.2	0.010416667	0.10152909	1.0	0.0	51.989582	523.0	0.0015159420289855073	-1.5144008	1.4440643	1.5392752	-5.003768	0.0014347716	0.011436076	0.07519391	-0.0558713	-1.0279955e-09	-0.00041421005	-9.596348e-10	-0.00041119664	0.36315688	-0.07230392	0.0067634247	-0.0006073257	42.159733	-0.067344666	79.0	0.52827203	0.009472035	345000	30127.88838338852
69	-3.736893	1.8246422	-0.4	-10.0	0.0	0.0	0.0	0.0	48.15534	523.0	0.0014942857142857143	-1.4429853	1.4048322	1.308321	-4.937557	0.0067531783	0.020066246	0.15209934	-0.042019907	-1.14912975e-11	-0.00014390446	-1.3411044e-10	-9.396545e-05	0.562121	-0.21523198	0.00044529806	-0.00038456632	42.09239	-0.29418564	79.0	0.49493897	0.004233062	350000	30538.830409049988
70	-4.0697913	1.5384731	-1.2	-8.1	0.020833334	0.14282614	1.0	0.0	51.46875	525.0	0.0014788732394366197	-1.5743032	1.3921257	1.1922005	-5.0872145	-0.0010283388	0.011167291	0.0742075	-0.0781462	1.2766049e-09	-0.0001245176	1.1086464e-09	-0.00040589	0.33064663	-0.08620803	0.012542884	-0.0045446446	41.798203	0.2417984	3.0	0.49839175	0.017837182	355000	30949.88795685768
71	-4.0525775	1.900412	-0.9	-10.0	0.0	0.0	0.0	0.0	51.29897	525.0	0.0014583333333333334	-1.537202	1.4401071	0.95564765	-5.5640388	0.01464312	0.042855244	0.28258717	-0.1607365	5.763647e-10	-0.00028879978	-1.7881394e-11	-0.00026022884	0.4216076	-0.12370172	0.001998199	-0.0017980675	42.04	-0.21611404	30.0	0.5034964	0.012295728	360000	31360.322788238525
72	-3.6817305	1.8551263	-0.3	-8.2	0.0	0.0	0.0	0.0	47.817307	525.0	0.0014383561643835617	-1.5437353	1.5550848	1.5440749	-6.160112	0.0023468619	0.014385474	0.08400371	-0.1300878	-5.0637317e-11	-0.00014865417	1.9669533e-10	-6.8392736e-05	0.2705096	-0.07946743	0.0002126281	-0.00015196016	41.823887	-0.40376663	79.0	0.4970098	0.004205712	365000	31771.33080148697
73	-3.830693	1.7033306	-0.7	-8.9	0.0	0.0	0.0	0.0	49.30693	525.0	0.001418918918918919	-1.4381918	1.4460121	1.2286732	-5.7430882	2.643838e-05	0.009310391	0.0610845	-0.062323637	-8.806754e-11	-0.00011269714	3.874302e-11	2.496064e-07	0.2744639	-0.054849148	8.903603e-05	-3.8155635e-05	41.42012	-0.4171219	79.0	0.48616767	0.0040293527	370000	32180.601222753525
74	-3.8544552	1.798268	-0.7	-10.0	0.00990099	0.09900991	1.0	0.0	49.326733	526.0	0.0014026666666666666	-1.5853277	1.5472654	1.0979886	-6.284186	-0.00032630077	0.006493416	0.028644903	-0.026948769	1.198318e-09	-0.00036830155	9.2983243e-10	-0.0006212473	0.36886382	-0.07854962	0.006020119	-0.0006758701	41.003	-0.0954895	10.0	0.4948283	0.01583705	375000	32593.99792122841
75	-3.7745101	1.7503326	-1.0	-8.3	0.019607844	0.13864838	1.0	0.0	48.52941	528.0	0.0013894736842105264	-1.5468506	1.5275316	1.422585	-5.63029	0.0049712546	0.019607192	0.09430612	-0.0686875	7.365231e-10	-0.00013041307	7.778406e-10	-0.00012711984	0.30910966	-0.08122656	0.013677255	-0.0025811708	40.90751	0.31781006	4.0	0.49683917	0.009242455	380000	33005.89612221718
76	-3.6056602	1.6755077	-0.6	-10.0	0.018867925	0.13605854	1.0	0.0	46.74528	530.0	0.0013766233766233766	-1.4071828	1.4242526	1.464041	-5.581711	0.013632179	0.039346457	0.20209861	-0.081759654	5.841898e-10	-0.00044314837	9.268522e-10	-0.00050072634	0.3828723	-0.09993842	0.010606814	-0.0014364654	41.22532	0.39292526	23.0	0.5282553	0.012511589	385000	33417.26441836357
77	-3.6884615	1.8214697	-0.6	-10.0	0.0	0.0	0.0	0.0	47.778847	530.0	0.001358974358974359	-1.4914948	1.4445077	1.2278001	-5.9244485	0.014439404	0.03104079	0.2504729	-0.07425932	-2.511404e-10	-4.4077562e-05	-1.6093255e-10	-0.00013906068	0.3502294	-0.07706115	0.0011839031	-0.0010592691	41.618244	-0.25945282	3.0	0.49004805	0.015675016	390000	33828.558873176575
78	-3.6704762	1.8253205	-0.6	-10.0	0.0	0.0	0.0	0.0	47.6	530.0	0.0013417721518987342	-1.406677	1.4430435	1.1011555	-5.328435	0.0015645245	0.014325453	0.11190801	-0.0426339	-3.041227e-10	-0.00011692642	-6.705522e-11	-1.1441458e-05	0.42383096	-0.110153556	0.00017434235	-6.996576e-05	41.35879	-0.4567604	79.0	0.46413252	0.0040190388	395000	34240.78044915199
79	-3.325	1.6557529	-0.5	-7.1	0.008928572	0.09406831	1.0	0.0	44.151787	531.0	0.0013275	-1.435692	1.4247948	1.1439556	-5.3635564	-0.0009186417	0.0097427955	0.052420884	-0.08414726	-2.8314062e-10	-0.00031514216	-5.185604e-10	-0.00040282082	0.24823488	-0.09248681	0.0063108555	-0.0006255186	40.90203	-0.13536453	79.0	0.48977637	0.011333585	400000	34653.59954380989
80	-3.5943925	1.8344996	-0.5	-10.0	0.028037382	0.16507962	1.0	0.0	46.53271	534.0	0.0013185185185185186	-1.4304618	1.4460629	1.1262562	-5.182477	0.011949104	0.024046008	0.17467657	-0.049169444	1.7098399e-10	-0.00018787014	4.7683715e-11	-0.0010143204	0.23732512	-0.03442581	0.018357953	-0.0030349353	40.766666	0.6508293	2.0	0.459758	0.03999987	405000	35064.47122859955
81	-3.8107843	1.656414	-0.8	-7.9	0.009803922	0.09852821	1.0	0.0	49.0	535.0	0.0013048780487804879	-1.3889666	1.3658859	1.3258535	-5.9771285	0.01988505	0.040264167	0.21561812	-0.10785229	4.9865173e-10	-0.00065825484	4.2319298e-10	-0.000860306	0.23483261	-0.058943436	0.0081808865	-0.0038229502	41.417496	0.18214035	12.0	0.46538296	0.017307835	410000	35475.61943650246
82	-3.6466665	1.5751079	-0.7	-8.1	0.0	0.0	0.0	0.0	47.466667	535.0	0.001289156626506024	-1.3924606	1.3981613	1.2493073	-5.012456	0.0041054916	0.02921869	0.21217425	-0.084068075	-1.0029244e-10	-0.00022012736	-1.0728836e-10	-0.00030423343	0.20945571	-0.03160718	0.00087339984	-0.0007895435	41.599636	-0.38084412	11.0	0.4575099	0.014608081	415000	35885.74512434006
83	-3.9424245	1.8509672	-0.6	-10.0	0.0	0.0	0.0	0.0	50.20202	535.0	0.0012738095238095238	-1.4228088	1.5098151	1.2949487	-5.259318	-0.0017126255	0.010188581	0.10779986	-0.08762388	8.698908e-11	-0.00020482054	-7.748604e-11	-0.00012186698	0.320588	-0.085225195	0.00012134247	-5.3782438e-05	41.218792	-0.5031395	79.0	0.46265253	0.011853083	420000	36301.29752039909
84	-3.6457145	1.819054	-0.5	-10.0	0.01904762	0.13669239	1.0	0.0	47.142857	537.0	0.0012635294117647059	-1.4706867	1.474103	1.3308891	-5.412286	0.0012091757	0.008586611	0.23670812	-0.045184456	-4.6956977e-10	-0.0002503259	-4.529953e-10	-0.00015347652	0.5483013	-0.17092833	0.006451435	-0.00039470522	40.715652	0.2383728	79.0	0.46094698	0.00622626	425000	36715.033762931824
85	-3.7715685	1.7639294	-0.8	-8.8	0.009803922	0.0985282	1.0	0.0	48.60784	538.0	0.0012511627906976743	-1.5121803	1.4805439	1.1755354	-5.3220387	0.007883901	0.018000273	0.12811047	-0.048932735	-7.688411e-10	-0.00027480224	-8.225441e-10	-0.00044274106	0.2506065	-0.052505806	0.0044558058	-0.00038044015	40.954025	0.092861176	19.0	0.44860548	0.012225778	430000	37126.59071826935
86	-4.1684213	1.8558167	-0.5	-10.0	0.021052632	0.14355981	1.0	0.0	52.33684	540.0	0.0012413793103448277	-1.6034124	1.4891237	1.1991965	-5.2963567	0.0047545945	0.014022866	0.0913407	-0.036855347	-5.0779564e-10	-0.0002972915	-3.993511e-10	-0.00042164928	0.30583537	-0.054676503	0.014141843	-0.0028692074	41.046886	0.457119	16.0	0.44209477	0.0140307285	435000	37536.85092830658
87	-3.9049506	1.766149	-0.5	-10.0	0.04950495	0.21691987	1.0	0.0	49.28713	545.0	0.0012386363636363636	-1.6025779	1.5924876	1.3280057	-7.4300914	0.01663726	0.045216363	0.2667486	-0.08080373	2.576922e-10	-0.00055469805	1.4901161e-10	-0.0013965421	0.3683563	-0.086340815	0.031056745	-0.007838076	41.504005	1.7740402	2.0	0.42562598	0.047728486	440000	37948.101063489914
88	-3.8663366	1.7706226	-0.6	-10.0	0.01980198	0.13931929	1.0	0.0	49.227722	547.0	0.0012292134831460675	-1.4670465	1.3644981	1.2808723	-7.4658422	0.034584846	0.07181368	0.46721852	-0.14364076	1.7074678e-09	-0.00032932052	1.7821788e-09	-0.00036073732	0.37014738	-0.09111434	0.014438455	-0.0054586	43.278046	0.87802124	7.0	0.43749273	0.011661865	445000	38362.29981255531
89	-3.637143	1.7089266	-0.4	-10.0	0.0	0.0	0.0	0.0	47.266666	547.0	0.0012155555555555557	-1.4715772	1.486035	1.4680691	-6.322881	0.015771654	0.03649923	0.19019829	-0.12077787	5.1259075e-10	-0.00020863539	7.390976e-10	-0.0001708526	0.30806777	-0.0804411	0.0015742056	-0.001436858	44.156067	-0.3056755	79.0	0.4130493	0.009871012	450000	38772.980190992355
90	-3.7637258	1.6279898	-0.6	-8.9	0.009803922	0.0985282	1.0	0.0	48.52941	548.0	0.0012043956043956043	-1.4577404	1.5005149	1.5020028	-6.4974737	-0.00020462475	0.016232379	0.06807917	-0.16302001	-1.4788984e-10	-0.00052430865	-2.861023e-10	-0.0005943817	0.24675	-0.058617204	0.0064176237	-0.00095476303	43.85039	-0.1270752	38.0	0.40869644	0.012504999	455000	39184.96141624451
91	-3.9260004	1.7511493	-0.4	-10.0	0.03	0.17058721	1.0	0.0	49.82	551.0	0.0011978260869565218	-1.6119831	1.5745307	1.5412582	-6.805142	0.01343756	0.036368683	0.22661206	-0.0925932	8.2779605e-10	-0.00036833482	6.198883e-10	-0.0005690123	0.2966027	-0.07812975	0.017537577	-0.006263555	43.723316	0.8856621	12.0	0.39614862	0.016291687	460000	39594.05084133148
92	-3.5185184	1.78969	-0.3	-10.0	0.0	0.0	0.0	0.0	46.083332	551.0	0.0011849462365591398	-1.4055871	1.474901	1.0763538	-5.9980173	0.018660424	0.060834154	0.38093144	-0.19345129	-5.673985e-10	-4.4140976e-05	-7.212162e-10	-9.232038e-05	0.38389844	-0.118300825	0.004051231	-0.0039314334	44.60898	-0.19992828	4.0	0.39325547	0.011237136	465000	40005.5933008194
93	-3.6807692	1.5182909	-0.7	-7.4	0.009615385	0.09758549	1.0	0.0	47.701923	552.0	0.001174468085106383	-1.4374846	1.4536867	1.4016511	-5.154521	0.0010314033	0.011362094	0.0855344	-0.113599114	-8.4261537e-10	-9.043192e-05	-6.318092e-10	-0.00034215022	0.2150269	-0.04811889	0.0057409257	-0.0004013367	44.40905	-0.14221191	3.0	0.38515782	0.015249991	470000	40417.57629752159
94	-3.642857	1.7767739	-0.7	-10.0	0.01904762	0.13669239	1.0	0.0	47.114285	554.0	0.0011663157894736841	-1.467238	1.5595357	1.6064839	-7.8568716	0.008918646	0.018566022	0.115395315	-0.07008654	-2.4400124e-10	-0.00011116957	-1.579523e-10	-0.0003267156	0.3966434	-0.12589559	0.012015161	-0.0020802766	44.266838	0.41897202	3.0	0.39403486	0.014753082	475000	40830.75773835182
95	-3.985858	1.8241372	-0.5	-10.0	0.02020202	0.14069079	1.0	0.0	50.414143	556.0	0.0011583333333333333	-1.5396394	1.5155188	1.8565805	-6.012344	0.013228577	0.038515035	0.2624187	-0.07344064	4.909425e-10	-0.00027054525	5.1259996e-10	-0.0005855005	0.34707585	-0.11042908	0.012897093	-0.0036650738	44.68581	0.6100273	3.0	0.3914706	0.017768169	480000	41242.32315135002
96	-4.101042	1.915697	-0.4	-10.0	0.0	0.0	0.0	0.0	51.895832	556.0	0.0011463917525773195	-1.639009	1.5738288	1.1794927	-6.2739596	0.011597572	0.038535606	0.26918545	-0.13458583	-2.2688488e-11	-0.00023124169	3.576279e-11	-0.00035076277	0.40600446	-0.15692909	0.0016062023	-0.0015064529	45.295837	-0.3444481	40.0	0.39650103	0.012036651	485000	41654.935861587524
97	-4.0618553	1.7574258	-0.8	-10.0	0.0	0.0	0.0	0.0	51.505154	556.0	0.0011346938775510203	-1.5669264	1.4679613	1.3631619	-5.800551	0.002245507	0.014414668	0.2140915	-0.03552207	2.5003505e-10	-0.00020381136	4.7683715e-11	-0.00013470989	0.2898143	-0.093716815	0.00021126468	-0.00016223754	44.95139	-0.63840103	79.0	0.3906159	0.0042530173	490000	42064.1841840744
98	-3.6634614	1.592051	-1.0	-7.3	0.0	0.0	0.0	0.0	47.634617	556.0	0.0011232323232323233	-1.4432684	1.4687849	1.4679198	-5.7265587	-0.0006459837	0.0069210264	0.02883213	-0.06978011	1.4927366e-10	-9.692376e-05	5.364418e-11	-2.228034e-05	0.24561651	-0.06305419	4.8404094e-05	-2.3066372e-05	44.31299	-0.65659714	79.0	0.38380942	0.0036752135	495000	42477.2107591629
99	-4.038144	1.7637497	-0.7	-8.7	0.020618556	0.14210358	1.0	0.0	51.15464	558.0	0.001116	-1.531517	1.4852691	1.5316006	-5.281336	0.0006423296	0.0070442846	0.084115736	-0.020747103	-1.008341e-09	-0.00082099845	-1.2040138e-09	-0.0010258079	0.21196428	-0.05247189	0.012551803	-0.0052636303	43.65639	0.4011116	18.0	0.388866	0.01578225	500000	42887.981134176254
100	-3.5915093	1.7643278	-0.8	-10.0	0.0	0.0	0.0	0.0	46.81132	558.0	0.001104950495049505	-1.3881762	1.3897432	1.277064	-5.703138	0.0070925965	0.03885868	0.5647398	-0.107776165	-1.0194642e-10	-0.00047211393	-1.7136335e-10	-0.00061562815	0.32564214	-0.06833783	0.0015671462	-0.0014507598	44.057503	-0.3689003	36.0	0.41739413	0.012131441	505000	43303.46954584122
101	-3.4554543	1.7298757	-0.6	-10.0	0.009090909	0.09491189	1.0	0.0	45.354546	559.0	0.0010960784313725491	-1.4435729	1.4557065	1.4824642	-5.377638	0.0014498469	0.030689389	0.49198607	-0.06343851	-5.594644e-10	-0.00044161253	-1.706183e-10	-0.00047564297	0.23088425	-0.055955395	0.0036368144	-0.0018514026	43.688602	-0.19533539	64.0	0.41861528	0.012285778	510000	43714.1930000782
102	-3.7514563	1.891928	-0.6	-10.0	0.009708738	0.098053426	1.0	0.0	48.300972	560.0	0.001087378640776699	-1.5189248	1.4996166	1.0394053	-5.7866845	0.015410559	0.07872032	1.021671	-0.09801164	-7.287603e-11	-9.547528e-05	0.0	-9.37328e-05	0.28195977	-0.08036837	0.005503113	-0.0019627858	43.493267	-0.031864166	3.0	0.39773843	0.012350832	515000	44124.02022147179
103	-3.4605505	1.7505972	-0.4	-8.9	0.0091743115	0.09534224	1.0	0.0	45.504585	561.0	0.0010788461538461538	-1.4057562	1.5185521	1.2066088	-5.5741653	0.0030775045	0.031440705	0.64435464	-0.06714241	-5.4748168e-11	-0.000303418	1.3709069e-10	-0.00037361245	0.24213618	-0.07066825	0.0035089543	-0.0015718861	43.461403	-0.045562744	79.0	0.38861358	0.009164881	520000	44537.11249279976
104	-3.6704762	1.61162	-0.8	-8.1	0.00952381	0.09712419	1.0	0.0	47.6	562.0	0.0010704761904761905	-1.4096617	1.4084297	1.1831769	-5.6135125	0.013962561	0.05766769	0.78943866	-0.098247655	-3.8381084e-10	-0.0005656639	-7.748604e-10	-0.000800502	0.24808657	-0.061846495	0.0076686325	-0.0037985505	43.41584	-0.039711	7.0	0.39624044	0.019455597	525000	44946.9680621624
105	-3.601887	1.8747568	-0.3	-8.3	0.009433962	0.09666934	1.0	0.0	46.915092	563.0	0.0010622641509433963	-1.356616	1.4358253	1.1762708	-5.1914577	0.00800025	0.019356424	0.3132138	-0.047093008	5.0944776e-10	-0.0005373194	6.7949296e-10	-0.00056728383	0.288846	-0.08839144	0.005356148	-0.0025264025	43.37613	-0.03970337	42.0	0.36763868	0.012594963	530000	45357.235864162445
106	-3.457798	1.4725808	-0.3	-7.1	0.0091743115	0.09534224	1.0	0.0	45.477066	564.0	0.0010542056074766355	-1.3682748	1.3762319	1.5545768	-4.848012	0.0044510732	0.043248508	1.1705914	-0.118890956	6.207536e-11	-0.00010680735	1.4603138e-10	-0.0002981947	0.18906184	-0.05810933	0.004101509	-0.0016293612	43.336426	-0.058307648	2.0	0.35729674	0.019969152	535000	45768.66404223442
107	-3.6075473	1.6980954	-0.5	-8.4	0.018867925	0.13605855	1.0	0.0	46.9717	566.0	0.001048148148148148	-1.4291077	1.4894472	1.341319	-5.547224	0.012843721	0.07977544	1.3755602	-0.0854229	8.940143e-10	-0.00050784537	7.405877e-10	-0.0007775447	0.25925946	-0.057733	0.013229688	-0.0037174625	43.27812	0.52207184	11.0	0.36046398	0.016413052	540000	46181.56532597542
108	-3.6499999	1.7539847	-0.7	-10.0	0.047169812	0.21200192	1.0	0.0	46.981133	571.0	0.0010477064220183487	-1.4122291	1.3956441	1.3176075	-5.385691	0.013235592	0.03680593	0.5285379	-0.092275806	-1.0258113e-09	-0.0003566106	-8.881092e-10	-0.0011696819	0.25180763	-0.061047792	0.028608484	-0.0069097932	43.80019	2.3824577	2.0	0.34131905	0.050791018	545000	46594.47148537636
109	-3.8247523	1.7203157	-1.1	-10.0	0.00990099	0.099009916	1.0	0.0	49.0297	572.0	0.00104	-1.466491	1.3834189	1.836118	-5.8891144	0.056851342	0.08779521	1.1479194	-0.11201415	-1.6067284e-09	-0.00019424089	-1.5258789e-09	-0.00031204196	0.27966622	-0.061654866	0.009855366	-0.005611757	46.182648	0.6215019	13.0	0.34513846	0.014402502	550000	47005.98266029358
110	-3.739806	1.7363245	-0.8	-7.8	0.0	0.0	0.0	0.0	48.39806	572.0	0.0010306306306306307	-1.4245418	1.4988208	1.1499492	-5.7590623	0.009861796	0.060268924	1.2007186	-0.07137119	2.86308e-10	-0.0009392038	3.5762787e-10	-0.00096649583	0.21524693	-0.05867721	0.003728425	-0.0036620365	46.80415	-0.6052971	25.0	0.3493163	0.0119372625	555000	47416.487795352936
111	-3.810784	1.7013205	-0.3	-8.2	0.029411765	0.1689577	1.0	0.0	48.784313	575.0	0.0010267857142857142	-1.5252067	1.4536515	1.3172748	-5.543665	0.0002716941	0.010208209	0.28516105	-0.06135813	1.7733899e-09	-0.00045777965	1.7642975e-09	-0.000686354	0.23263425	-0.054364964	0.014960764	-0.004075735	46.198853	1.0319519	9.0	0.3285121	0.015436514	560000	47827.90189623833
112	-3.4898148	1.5666041	-0.3	-8.7	0.0	0.0	0.0	0.0	45.898148	575.0	0.0010176991150442477	-1.3162104	1.3704339	1.325792	-5.6616626	0.016523132	0.032435946	0.29649663	-0.06685524	-2.4573833e-11	-0.00015619096	-8.940697e-12	-0.00013109997	0.22481328	-0.05513315	0.0013152322	-0.0012578181	47.230804	-0.29211044	79.0	0.34157047	0.0038703033	565000	48240.423847436905
113	-3.8396041	1.8685559	-0.6	-10.0	0.00990099	0.099009916	1.0	0.0	49.17822	576.0	0.0010105263157894737	-1.5519943	1.5055736	1.2373013	-5.465979	0.001440059	0.026488343	0.54200554	-0.05999836	1.9949405e-10	-0.00011859125	2.4437904e-10	-0.00012564662	0.19360746	-0.03999093	0.0064225006	-0.0017438284	46.938694	-0.18006897	3.0	0.3399677	0.015127808	570000	48651.3753259182
114	-3.3756754	1.5784138	-0.6	-7.7	0.027027028	0.16216217	1.0	0.0	44.45946	579.0	0.0010069565217391305	-1.313461	1.4598781	1.834241	-5.7073827	0.014313581	0.05009501	0.4790046	-0.05301798	3.2376724e-10	-0.000181029	1.4305115e-10	-0.0004932275	0.18434834	-0.04789628	0.019633494	-0.0040293075	46.758625	1.103672	10.0	0.34213176	0.017806042	575000	49062.822491407394
115	-3.6339622	1.7677343	-0.4	-8.7	0.018867925	0.13605855	1.0	0.0	47.132076	581.0	0.0010017241379310345	-1.4466119	1.4023948	1.3291628	-5.4076915	0.021979533	0.030697443	0.12921749	-0.07207172	-4.5629556e-11	-0.0006416949	2.6226044e-10	-0.0007863562	0.21482076	-0.05519478	0.0125831105	-0.0032901997	47.862297	0.8990669	8.0	0.35353193	0.015503986	580000	49475.28628540039
116	-3.3767858	1.4934967	-0.3	-8.7	0.017857144	0.13243212	1.0	0.0	44.57143	583.0	0.0009965811965811965	-1.3033918	1.3448346	1.7672454	-5.956485	0.010326366	0.048297636	0.5265066	-0.110186964	-1.1075412e-09	-0.0007292829	-9.894371e-10	-0.00086810754	0.1909528	-0.05225572	0.0074812775	-0.0039861165	48.761364	0.6990738	8.0	0.3522202	0.01683989	585000	49885.61673569679
117	-3.4063632	1.5406183	-0.5	-7.3	0.018181818	0.13360853	1.0	0.0	44.963634	585.0	0.0009915254237288136	-1.2782961	1.3593999	1.5103974	-5.056481	0.024103144	0.098546	1.1547303	-0.05756392	2.4540905e-10	-0.00014309223	5.1259996e-10	-0.00062470575	0.21264254	-0.05904402	0.018264977	-0.010467945	49.460438	0.71190643	2.0	0.3406508	0.03060657	590000	50297.84735035896
118	-3.7460787	1.5751545	-0.8	-8.5	0.009803922	0.09852821	1.0	0.0	48.460785	586.0	0.000984873949579832	-1.3658319	1.3388884	1.0601407	-5.4605103	0.009794551	0.012137673	0.119476154	-0.055918798	-9.244983e-10	4.957593e-05	-1.1444092e-09	-0.0002700547	0.2211125	-0.058445126	0.0069794646	-0.0005478668	50.172344	0.1478157	2.0	0.33704674	0.017167162	595000	50710.78100705147
119	-3.819802	1.6431087	-0.7	-8.9	0.0	0.0	0.0	0.0	49.19802	586.0	0.0009766666666666667	-1.4849344	1.4165837	1.8924198	-5.3938336	0.007906951	0.020859085	0.1820213	-0.33579633	2.8661323e-10	-0.0003144933	2.5629998e-10	-0.00030282832	0.21496111	-0.05871214	0.0004975454	-0.00042608232	50.32016	-0.7121353	79.0	0.3449021	0.009638686	600000	51119.92595100403
120	-3.8700004	1.6075137	-0.4	-10.0	0.0	0.0	0.0	0.0	49.59	586.0	0.000968595041322314	-1.4182181	1.463041	1.2649938	-5.5473943	0.001304035	0.00862715	0.2583887	-0.058300532	2.9792036e-10	-0.00019206696	-5.364418e-11	-0.00014343752	0.19009954	-0.043625668	7.604482e-05	-5.5036144e-05	49.608025	-0.9248581	79.0	0.33826995	0.003677541	605000	51532.58942556381
121	-3.7708743	2.065182	-0.4	-10.0	0.019417476	0.1379871	1.0	0.0	48.281555	588.0	0.0009639344262295082	-1.4773586	1.4988106	1.3773746	-5.742979	-0.00066595053	0.00613894	0.07714941	-0.10191498	4.951913e-10	-0.0003088572	8.3446505e-10	-0.00044176544	0.49187672	-0.17253289	0.011405386	-0.0033115353	48.683167	0.48256683	15.0	0.34146044	0.014526905	610000	51943.352808475494
122	-3.4390907	1.7182493	-0.4	-8.0	0.009090909	0.0949119	1.0	0.0	45.29091	589.0	0.0009577235772357724	-1.4565271	1.4589425	1.5630798	-5.684353	0.009601614	0.031316075	0.17453255	-0.119058155	1.7176457e-09	-0.0003391323	1.5974044e-09	-0.00036368833	0.2886965	-0.10219701	0.0071562883	-0.0011938498	49.165733	0.12799454	79.0	0.34605914	0.010125953	615000	52354.945178985596
123	-3.629245	1.6724722	-0.4	-8.0	0.018867925	0.13605855	1.0	0.0	47.084908	591.0	0.0009532258064516129	-1.4128844	1.4045097	1.2703279	-6.0760355	0.0064825523	0.018562833	0.13546003	-0.04465999	1.0586543e-10	-0.0008628475	2.0861626e-10	-0.0010077204	0.19671585	-0.049218684	0.011633595	-0.006270899	49.293728	0.65784836	26.0	0.33777782	0.013839762	620000	52763.26419734955
124	-3.299115	1.6326044	-0.5	-8.0	0.0	0.0	0.0	0.0	43.99115	591.0	0.0009456	-1.2806408	1.3911575	1.155097	-5.4541616	0.0038165592	0.040167924	0.553697	-0.0825278	-3.2045932e-11	-6.0269767e-06	2.384186e-10	-0.0001467446	0.19122541	-0.059998542	0.0016261432	-0.0015482657	49.951576	-0.5804939	2.0	0.31620556	0.018505076	625000	53174.76380324364
125	-3.8186274	1.8469228	-0.9	-10.0	0.019607844	0.13864838	1.0	0.0	48.862743	593.0	0.0009412698412698412	-1.4608494	1.5096226	1.5808866	-6.376964	0.0026410224	0.020855825	0.29253572	-0.04069073	2.8031447e-10	-0.00042057747	2.4735927e-10	-0.0006012342	0.35790792	-0.15619105	0.012585551	-0.0013565682	49.371082	0.5377121	10.0	0.3077647	0.016528523	630000	53586.032214164734
126	-3.667619	1.6947817	-0.8	-10.0	0.01904762	0.13669239	1.0	0.0	47.361904	595.0	0.000937007874015748	-1.4215916	1.4644034	1.6939882	-6.2369704	0.017812552	0.020038737	0.23152633	-0.06786885	1.1119616e-09	-6.290902e-05	1.1533499e-09	-9.006199e-05	0.3186069	-0.10716468	0.010895006	-0.008920621	49.908794	0.930439	3.0	0.31106365	0.008986353	635000	53995.54381155968
127	-3.4752293	1.7063378	-0.5	-7.7	0.018348623	0.13420859	1.0	0.0	45.550457	597.0	0.0009328125	-1.428614	1.4515843	1.8016056	-6.146763	0.022753568	0.10780203	1.2330323	-0.075860396	5.748162e-10	-0.00029011315	6.198883e-10	-0.00043089126	0.25112313	-0.08951488	0.009195639	-0.004456263	50.839233	0.88352585	13.0	0.3107869	0.014736879	640000	54406.103514671326
128	-3.669231	1.7084111	-0.4	-8.4	0.009615385	0.09758549	1.0	0.0	47.58654	598.0	0.0009271317829457364	-1.4261396	1.4289234	1.4272105	-5.866207	0.007965224	0.045757156	0.70915586	-0.067034744	1.4143037e-10	-0.00024786708	1.0728836e-10	-0.000356415	0.24061719	-0.064980716	0.0047768718	-0.00199653	51.72276	0.1657753	35.0	0.30127084	0.012709696	645000	54819.91853094101
129	-3.4027028	1.7690768	-0.6	-10.0	0.0	0.0	0.0	0.0	44.92793	598.0	0.00092	-1.3823844	1.5148237	1.4380969	-6.639298	0.017642014	0.07999074	0.79093087	-0.034800015	-1.7856484e-10	-0.00029926622	2.3841857e-11	-0.0003833943	0.378631	-0.14396332	0.006705188	-0.0066649704	51.888535	-0.84194946	45.0	0.30470213	0.013014554	650000	55234.251886844635
130	-3.3088498	1.7384541	-0.5	-10.0	0.0	0.0	0.0	0.0	43.99115	598.0	0.0009129770992366412	-1.2993834	1.4173825	1.3261312	-5.500298	0.0006569038	0.0048061116	0.082282744	-0.03928481	-7.927161e-11	-8.3186686e-05	3.874302e-11	-1.3034276e-05	0.39763078	-0.17716682	2.1933678e-05	-6.7762276e-06	51.046585	-1.0935059	79.0	0.30212256	0.0030267634	655000	55647.12574386597
131	-3.8544552	2.0033894	-0.6	-10.0	0.00990099	0.09900991	1.0	0.0	49.217823	599.0	0.0009075757575757575	-1.5042582	1.4959105	2.0821795	-5.5238757	0.0003927041	0.0040157204	0.033328105	-0.014027547	-1.355336e-10	-0.0003159166	7.748604e-11	-0.0005144145	0.4863839	-0.17700905	0.00738507	-0.00092375185	49.95308	-0.25315094	11.0	0.29675353	0.014879731	660000	56061.166048288345
132	-3.638095	1.7148306	-0.6	-10.0	0.0	0.0	0.0	0.0	47.27619	599.0	0.0009007518796992481	-1.4533999	1.4455703	2.3724666	-5.675589	0.0058121164	0.026217574	0.2434034	-0.04689311	-1.0021109e-10	-0.0001856548	-7.152558e-11	-0.00013755205	0.34135994	-0.13057345	0.0007318321	-0.00067671726	49.69993	-0.88936615	79.0	0.2980743	0.005402594	665000	56475.22310042381
133	-3.8919995	1.7975361	-0.7	-10.0	0.0	0.0	0.0	0.0	49.81	599.0	0.0008940298507462686	-1.5893822	1.5311733	1.4790733	-6.6187	0.0019202636	0.005693322	0.07000603	-0.053959366	-1.933237e-11	-8.077162e-05	-4.0978193e-12	-5.880346e-06	0.26623717	-0.08591874	3.5952573e-05	-1.7280865e-05	48.810562	-1.1500969	79.0	0.29175392	0.0025853894	670000	56887.19732069969
134	-3.3079648	1.540207	-0.6	-7.9	0.0	0.0	0.0	0.0	44.079647	599.0	0.0008874074074074074	-1.2486539	1.3300757	1.7024864	-5.3503585	-0.0009777296	0.004319394	0.022688974	-0.039258715	1.875209e-10	-0.00011506381	1.937151e-11	-2.8430553e-05	0.2420123	-0.068166554	1.960043e-05	-1.1228628e-05	47.660465	-1.1719322	79.0	0.29518658	0.004324493	675000	57280.142968416214
135	-3.5915887	1.588223	-0.7	-8.3	0.018691588	0.13543344	1.0	0.0	46.71028	601.0	0.0008838235294117647	-1.3847009	1.4138471	1.2872546	-5.167039	0.00013190732	0.0025941539	0.013504632	-0.022374213	8.3446483e-10	-0.0002160301	9.488315e-10	-0.00037127212	0.17406887	-0.05574724	0.01235577	-0.0011317385	46.488533	0.5357361	8.0	0.30674648	0.020105371	680000	57670.9246134758
136	-3.5149534	1.6352315	-0.5	-8.4	0.0	0.0	0.0	0.0	46.149532	601.0	0.0008773722627737227	-1.4066151	1.4669175	1.5521199	-5.2267094	0.021576572	0.02921904	0.14174739	-0.04827728	6.579581e-10	-0.00014830074	5.543232e-10	-0.00013979102	0.21579221	-0.070822015	0.0013087462	-0.0012592515	47.02427	-0.70996094	79.0	0.2965628	0.0053964634	685000	58061.46299672127
137	-3.2052174	1.3887024	-0.7	-7.6	0.0	0.0	0.0	0.0	43.052174	601.0	0.0008710144927536232	-1.2265432	1.3334627	1.2830403	-5.3712955	0.0006464959	0.005302794	0.03613629	-0.025974404	-1.0461534e-10	-8.547961e-05	7.2270634e-11	-5.129777e-07	0.15509817	-0.033107862	2.8667664e-05	-1.5048901e-05	46.31431	-1.2123833	79.0	0.29882744	0.0027978234	690000	58452.87987971306
138	-3.6571429	1.7376974	-0.5	-10.0	0.00952381	0.09712419	1.0	0.0	47.361904	602.0	0.0008661870503597122	-1.3298029	1.37302	1.4808158	-5.642612	-0.00015622842	0.004185219	0.029580357	-0.0414977	-2.1464511e-10	-0.00017620643	-3.039837e-10	-0.0001110554	0.27063048	-0.10367708	0.008178329	-0.00333492	45.101925	-0.32751465	79.0	0.30898324	0.0046945442	695000	58843.66110420227
139	-3.6875	1.8724566	-0.4	-10.0	0.009615385	0.09758549	1.0	0.0	47.66346	603.0	0.0008614285714285715	-1.4855347	1.528104	1.5161135	-5.9157944	0.013018037	0.03604948	0.2511677	-0.09024921	3.1831862e-10	-0.00034336772	5.066395e-11	-0.0005595367	0.4838243	-0.2675962	0.008024042	-0.0022717095	44.77441	-0.05514908	9.0	0.2825369	0.026052605	700000	59234.3236386776
140	-3.4243243	1.9215806	-0.4	-9.9	0.018018018	0.13301642	1.0	0.0	45.045044	605.0	0.0008581560283687943	-1.4392681	1.4331198	1.3928206	-5.617485	0.005632984	0.030042455	0.1993129	-0.12876657	-1.7720592e-10	-0.00038239232	-2.9206276e-10	-0.00054410246	0.2804506	-0.08820778	0.013095505	-0.0059011686	44.71926	0.7860451	8.0	0.3097157	0.018843869	705000	59622.652993917465
141	-3.2894738	1.7370255	-0.4	-8.5	0.02631579	0.1600727	1.0	0.0	43.701756	608.0	0.0008563380281690141	-1.3614672	1.5235944	2.9946284	-5.525949	0.014852464	0.03961459	0.36995494	-0.10200931	7.621895e-10	-0.0005182458	9.2983243e-10	-0.00071732386	0.25212356	-0.11021301	0.01746423	-0.0018469049	45.505306	1.854065	10.0	0.31118706	0.015657319	710000	60011.51048374176
142	-3.551402	1.8001227	-0.4	-10.0	0.009345794	0.09622083	1.0	0.0	46.30841	609.0	0.0008517482517482517	-1.3820848	1.4371294	1.7649308	-6.0456505	0.02286489	0.032566294	0.3547496	-0.08279834	5.7266325e-10	-0.00025363397	1.8402935e-10	-0.00036469538	0.42255053	-0.21323119	0.005583003	-0.0010817796	47.35937	0.39688873	7.0	0.3172622	0.018880546	715000	60400.75443315506
143	-3.5009177	1.6339571	-0.3	-7.4	0.027522936	0.1636014	1.0	0.0	45.70642	612.0	0.00085	-1.3719528	1.4349184	1.5028872	-7.609249	0.0053138994	0.020146815	0.5819787	-0.040200416	-1.6721918e-09	-0.000116339535	-1.603365e-09	-0.00039415152	0.19722623	-0.07885693	0.014386082	-0.0015468821	47.75626	1.7660484	8.0	0.32273588	0.01879639	720000	60792.131811618805
144	-3.3846848	1.5563413	-0.6	-7.6	0.0	0.0	0.0	0.0	44.846848	612.0	0.0008441379310344828	-1.2717332	1.3439428	1.5623142	-4.759607	0.016499741	0.031359162	0.3424479	-0.0739636	8.450018e-10	-0.00039774654	9.179115e-10	-0.00040506374	0.19054988	-0.052241385	0.0012617856	-0.0012164499	49.52231	-0.51620483	79.0	0.31335846	0.009238486	725000	61183.216712236404
145	-3.6682692	1.6749434	-0.6	-7.7	0.009615385	0.09758549	1.0	0.0	47.682693	613.0	0.0008397260273972603	-1.4282367	1.4357367	1.4010161	-5.322735	0.00044435158	0.0061403117	0.050806843	-0.033087805	1.0710411e-10	-0.00090268464	6.2584875e-11	-0.0010169506	0.22184788	-0.060960934	0.004703008	-0.0017208792	49.006104	-0.32053375	18.0	0.32094166	0.01666994	730000	61574.22673368454
146	-3.6485713	1.7607961	-0.4	-10.0	0.01904762	0.13669239	1.0	0.0	47.17143	615.0	0.000836734693877551	-1.4555168	1.4698688	1.5507997	-5.676119	0.0046880734	0.03264286	0.8189128	-0.13975608	5.374861e-12	-0.00030972014	-1.66893e-10	-0.00044466663	0.25627866	-0.09342745	0.013179721	-0.0022018803	48.68557	0.93753815	15.0	0.31019408	0.016878935	735000	61965.506452322006
147	-3.420909	1.574807	-0.4	-8.6	0.009090909	0.094911896	1.0	0.0	45.109093	616.0	0.0008324324324324324	-1.3358864	1.4199027	1.259433	-5.336458	0.016952509	0.027805412	0.23490427	-0.085945465	-7.591989e-10	-0.00027908504	-8.225441e-10	-0.0004428924	0.20309405	-0.06664008	0.005055469	-0.0010131891	49.623108	0.17301178	5.0	0.32873812	0.017150372	740000	62357.69941473007
148	-3.3250003	1.6519738	-0.5	-7.5	0.0	0.0	0.0	0.0	44.25	616.0	0.0008268456375838926	-1.2756286	1.4150313	1.6337243	-5.4928894	0.0052523916	0.0121383695	0.19037397	-0.053921822	-2.724708e-10	-9.3668525e-05	-8.6426734e-11	-4.1115127e-05	0.19749446	-0.060056284	0.00017363588	-0.00015094689	49.79612	-1.1139412	79.0	0.32603437	0.002526535	745000	62749.62883734703
149	-3.585047	1.737051	-0.8	-10.0	0.0	0.0	0.0	0.0	46.64486	616.0	0.0008213333333333333	-1.3288537	1.4145222	1.4325628	-5.7382874	-0.00031982455	0.005158784	0.036738724	-0.029338345	4.3944495e-10	-9.7894146e-05	2.5331974e-11	-1.6324382e-05	0.41284892	-0.16067776	2.7232758e-05	-1.2776486e-05	48.68218	-1.4161873	79.0	0.30884668	0.0027663726	750000	63140.84594798088
