Epoch	AverageEpRet	StdEpRet	MaxEpRet	MinEpRet	AverageEpCost	StdEpCost	MaxEpCost	MinEpCost	EpLen	CumulativeCost	CostRate	AverageVVals	StdVVals	MaxVVals	MinVVals	AverageCostVVals	StdCostVVals	MaxCostVVals	MinCostVVals	LossPi	DeltaLossPi	SurrCost	DeltaSurrCost	LossV	DeltaLossV	LossVC	DeltaLossVC	Penalty	DeltaPenalty	StopIter	Entropy	KL	TotalEnvInteracts	Time
0	-3.7209086	2.6129081	-0.3	-10.0	0.26363635	0.44060436	1.0	0.0	45.00909	29.0	0.0058	0.6000187	0.24264188	1.0444956	0.106746145	0.35208002	0.32401165	1.0354214	-0.20145637	9.467385e-09	-0.0015471692	4.673004e-09	-0.0016590222	9.320449	-7.1205063	0.21841021	-0.16462159	10.0	1.9970207	11.0	1.049577	0.012987529	5000	470.3836350440979
1	-3.0977104	2.4219248	-0.3	-10.0	0.35877863	0.4796421	1.0	0.0	37.694656	76.0	0.0076	-1.811557	0.74462444	0.6980845	-4.07174	0.09733691	0.14675134	0.80054635	-0.105068125	2.156424e-09	-0.001877966	3.671646e-09	-0.0047471602	2.4435067	-0.6756512	0.07063798	-0.016553983	11.997021	2.2814198	5.0	1.0316912	0.023172943	10000	937.6998243331909
2	-5.538461	2.6237688	-0.3	-10.0	0.14102565	0.34804794	1.0	0.0	63.28205	87.0	0.0058	-1.797967	1.1243553	0.35890514	-4.005283	0.065072596	0.1375536	0.8786104	-0.16603781	1.7436376e-09	-0.00083204114	1.1444092e-09	-0.001973908	2.5077524	-1.1491402	0.035041764	-0.009424558	14.27844	1.2705717	10.0	0.9780504	0.013829276	15000	1402.4342551231384
3	-6.321429	2.5718193	-0.9	-10.0	0.057142857	0.2321154	1.0	0.0	70.91428	91.0	0.00455	-2.5451279	1.3725376	1.1175628	-5.220106	0.029116442	0.06770382	0.66473	-0.086815685	-2.852945e-09	-0.0009945312	-6.198883e-10	-0.0008319613	2.1450188	-0.75456643	0.009388726	-0.0029249918	15.549012	0.5491247	24.0	0.94013816	0.012488085	20000	1866.078541278839
4	-5.5973687	2.2417083	-1.0	-10.0	0.05263158	0.2232969	1.0	0.0	65.38158	95.0	0.0038	-2.6877916	1.7391043	2.2462912	-6.789794	0.009616834	0.03987425	0.41236976	-0.08896229	1.3427415e-10	-0.00075448357	7.152558e-11	-0.00027201234	1.7689445	-0.32094193	0.009447755	-0.0013883449	16.098137	0.4161682	17.0	0.9423333	0.012542944	25000	2334.486749649048
5	-5.592208	2.2811346	-0.9	-10.0	0.051948052	0.22192217	1.0	0.0	64.92208	99.0	0.0033	-2.8635209	1.7156947	2.5941517	-6.3858895	0.011172546	0.047343265	0.3243565	-0.1258585	3.8891712e-10	-0.0004777552	-2.9206276e-10	-0.00019057239	1.8496286	-0.32952452	0.0111532295	-0.001234211	16.514305	0.44421768	19.0	0.87025994	0.013006992	30000	2805.8458755016327
6	-5.466667	2.2828608	-0.7	-10.0	0.025641026	0.15806189	1.0	0.0	63.833332	101.0	0.0028857142857142857	-2.925321	1.8276677	2.464824	-7.326428	0.009890026	0.03202806	0.30242825	-0.10396657	-7.752734e-10	-0.00035316794	-5.9604643e-10	-0.00034030346	1.8590262	-0.39042282	0.013343083	-0.0016428428	16.958523	0.24663734	10.0	0.8567041	0.013512747	35000	3279.301244735718
7	-4.897647	2.2113068	-0.7	-10.0	0.07058824	0.25613576	1.0	0.0	58.42353	107.0	0.002675	-2.3409493	1.8511286	3.0077565	-7.4105644	0.022449922	0.04380633	0.20348391	-0.07885434	-6.139773e-10	-0.00062598864	-9.536743e-11	-0.0009049772	2.4643106	-0.3990445	0.023973642	-0.002159318	17.20516	0.6409836	79.0	0.8298631	0.008455725	40000	3748.481589794159
8	-5.046988	2.449408	-1.0	-10.0	0.036144577	0.18664981	1.0	0.0	59.746986	110.0	0.0024444444444444444	-2.484356	1.6973001	1.5980046	-6.342105	0.02588022	0.050103065	0.26305667	-0.12843494	-8.6414603e-10	-0.0010067875	-1.4305115e-10	-0.0011194926	1.3787138	-0.49291933	0.014379105	-0.0021757716	17.846144	0.45775032	79.0	0.81604207	0.012000615	45000	4220.629271507263
9	-5.1987653	2.4353616	-0.4	-10.0	0.024691358	0.15518276	1.0	0.0	61.22222	112.0	0.00224	-2.3627222	1.8614825	2.5239854	-6.5095596	0.022549126	0.048048895	0.37993333	-0.09771302	-7.807278e-10	-0.0006109345	-1.66893e-10	-0.0003026064	1.2554277	-0.19034767	0.0082869	-0.0015376573	18.303894	0.23055267	79.0	0.78946155	0.010123717	50000	4690.109618186951
10	-4.3806453	2.0990145	-0.4	-10.0	0.086021505	0.28039578	1.0	0.0	53.623657	120.0	0.002181818181818182	-2.3030586	1.8555205	2.209663	-6.8032985	0.015384951	0.031030763	0.18556085	-0.059282105	6.5100225e-10	-0.00059365697	-2.503395e-10	-0.0014326024	1.3753926	-0.57324666	0.027472556	-0.0038384423	18.534447	0.9394207	8.0	0.80240333	0.01437811	55000	5160.878583431244
11	-4.9547615	2.2211328	-1.1	-10.0	0.023809524	0.15245533	1.0	0.0	59.5	122.0	0.002033333333333333	-1.8481383	1.5560447	1.7343838	-5.931055	0.03061803	0.05978778	0.48510125	-0.10891257	-6.2808453e-10	-0.0002543654	1.2397766e-09	-6.046431e-05	1.175559	-0.2679245	0.0067934967	-0.0031981887	19.473867	0.42827988	8.0	0.803178	0.01414379	60000	5630.455300092697
12	-4.6908045	2.194488	-0.7	-10.0	0.04597701	0.20943524	1.0	0.0	56.896553	126.0	0.0019384615384615384	-2.2966378	1.7604162	1.7171854	-7.153764	0.010557748	0.024113117	0.19260985	-0.05870313	8.59095e-10	-0.0009949263	2.026558e-10	-0.001279544	2.0843	-0.19730592	0.025100397	-0.0072156657	19.902147	0.52570343	74.0	0.8094419	0.012274801	65000	6099.979143857956
13	-4.952381	2.3120017	-1.3	-10.0	0.023809524	0.15245533	1.0	0.0	59.214287	128.0	0.0018285714285714285	-2.4294863	1.852232	1.3841445	-6.8243165	0.036315754	0.09241001	0.48807493	-0.17824204	2.2634292e-09	-0.0007674242	2.1874904e-09	-0.0007535733	1.4562926	-0.58936507	0.019905128	-0.006363389	20.42785	0.32454872	18.0	0.7844801	0.014519309	70000	6573.566163301468
14	-4.685227	2.2674344	-0.8	-10.0	0.011363637	0.105992936	1.0	0.0	56.727272	129.0	0.00172	-1.9671148	1.7677454	1.5615824	-6.800251	0.01767912	0.038185913	0.1983229	-0.093304455	-2.5185318e-10	-0.0005304647	-3.0994415e-10	-0.00015653958	1.8571533	-0.4719758	0.003364578	-0.0012495117	20.7524	0.057086945	79.0	0.77488494	0.009904451	75000	7049.522443056107
15	-4.5099998	2.2150521	-0.4	-10.0	0.022222223	0.14740555	1.0	0.0	55.0	131.0	0.0016375	-2.3405063	1.7628938	1.8169687	-6.7696433	0.008769736	0.019220132	0.11797068	-0.035674606	1.1469862e-09	-0.00068718306	1.0371208e-09	-0.00039439797	1.6885264	-0.3082707	0.012022782	-0.0014119046	20.809486	0.17069244	68.0	0.7797997	0.012080138	80000	7521.9440133571625
16	-4.557303	2.2503376	-1.2	-10.0	0.02247191	0.14821242	1.0	0.0	55.460674	133.0	0.0015647058823529411	-2.4931495	1.9523212	1.7998027	-7.694199	0.019466907	0.036539048	0.24807072	-0.06789245	-5.014608e-10	-0.000752938	6.556511e-11	-0.0007752205	2.3000402	-0.35023355	0.0068258103	-0.0020695338	20.980179	0.23846817	75.0	0.76068985	0.012169777	85000	7997.9617347717285
17	-4.1536846	1.8952466	-0.6	-10.0	0.031578947	0.1748763	1.0	0.0	51.842106	136.0	0.001511111111111111	-2.2516656	1.8936943	1.7936305	-8.339701	0.007751294	0.026232589	0.18430899	-0.05184002	-1.4677873e-09	-0.0011083056	-5.841255e-10	-0.0013001097	0.8743806	-0.39881477	0.018678071	-0.005529971	21.218647	0.41060638	79.0	0.7325929	0.011823381	90000	8469.463294744492
18	-4.1164947	2.2114828	-0.4	-10.0	0.0	0.0	0.0	0.0	51.484535	136.0	0.001431578947368421	-1.7645074	1.7491894	1.6826633	-8.009202	0.03153766	0.07948606	0.5340429	-0.08964131	-8.830827e-10	-0.0001675119	-1.0341406e-09	-0.00011148445	0.9897293	-0.16669327	0.0059464243	-0.0043870094	21.629253	-0.06574249	4.0	0.7046721	0.013865146	95000	8940.313354969025
19	-4.1229167	2.1208036	-0.6	-10.0	0.010416667	0.10152909	1.0	0.0	51.770832	137.0	0.00137	-1.9843515	1.7380906	1.3203987	-6.9837914	0.0016771626	0.019063536	0.13181141	-0.06630693	-3.9147868e-10	-0.0007448328	-4.6491622e-10	-0.0006588582	0.984717	-0.22811222	0.004411889	-0.00086052204	21.56351	-0.046714783	79.0	0.7018288	0.009014342	100000	9414.935476779938
20	-4.3258066	2.0912466	-1.0	-10.0	0.021505376	0.1450617	1.0	0.0	53.430107	139.0	0.0013238095238095238	-1.972495	1.5062226	1.5734508	-6.34035	0.0029794353	0.020788305	0.23239945	-0.057796456	-1.158125e-10	-0.0006049445	-1.7881394e-10	-0.00054191984	1.5716935	-0.22588861	0.009410016	-0.0025340412	21.516796	0.20632362	23.0	0.7438026	0.013148877	105000	9887.669585227966
21	-3.7592235	1.9230052	-0.4	-10.0	0.0	0.0	0.0	0.0	48.165047	139.0	0.0012636363636363637	-1.7040765	1.6006918	1.5670654	-7.162753	0.013677676	0.044506293	0.33496666	-0.086747184	-1.3037925e-10	-0.00040108	6.556511e-11	-0.0001611534	1.0545404	-0.15708661	0.0018732342	-0.0015849291	21.72312	-0.14211655	79.0	0.71947014	0.008974513	110000	10361.887228250504
22	-4.3934784	2.3983147	-0.7	-10.0	0.010869565	0.10368904	1.0	0.0	53.97826	140.0	0.001217391304347826	-2.1595669	1.6784693	1.3823329	-6.815519	0.003957833	0.016959675	0.14136894	-0.06797843	-1.0305883e-09	-0.0005741317	-3.9339065e-10	-0.0005196196	1.6537992	-0.23567307	0.0062905406	-0.00075581716	21.581003	-0.041828156	41.0	0.71954197	0.012577942	115000	10834.905839920044
23	-4.116667	1.9935138	-0.9	-10.0	0.0	0.0	0.0	0.0	51.822918	140.0	0.0011666666666666668	-1.981266	1.7940516	1.6220838	-7.4226136	0.010546206	0.024790464	0.1424793	-0.06751498	5.5201865e-10	-0.00043211455	3.695488e-10	-3.8260157e-05	1.159326	-0.3683275	0.00072608766	-0.0006495177	21.539175	-0.22034836	79.0	0.71865153	0.007391195	120000	11309.86943602562
24	-3.7980392	2.0687203	-0.5	-10.0	0.009803922	0.0985282	1.0	0.0	48.54902	141.0	0.001128	-1.8040355	1.8045886	1.6081423	-9.041281	0.00243683	0.015455786	0.1357504	-0.030407479	4.9546567e-10	-0.0006365261	3.039837e-10	-0.0004129152	1.2009706	-0.26774967	0.006650763	-0.0004051742	21.318827	-0.08193779	79.0	0.71485025	0.009520942	125000	11785.276144504547
25	-3.4743118	1.7972152	-0.6	-10.0	0.0	0.0	0.0	0.0	45.541283	141.0	0.0010846153846153846	-1.6833277	1.7462547	1.4777366	-8.894114	0.010616124	0.017143339	0.108545154	-0.021909224	-5.1764576e-10	-0.00041180968	3.2782554e-11	-3.101509e-05	1.0961014	-0.42346692	0.00040905227	-0.00036860243	21.236889	-0.24142838	79.0	0.678899	0.0073233703	130000	12259.397850513458
26	-4.0060606	2.2556694	-0.6	-10.0	0.01010101	0.09999491	1.0	0.0	50.17172	142.0	0.0010518518518518518	-1.8092922	1.9313987	2.3292959	-10.077066	0.00057275314	0.007905998	0.10792427	-0.09386508	4.0373735e-10	-0.0007410046	1.5497208e-10	-0.00041261993	1.753038	-0.55587304	0.0047527426	-0.00040882546	20.99546	-0.078575134	73.0	0.69227314	0.012349766	135000	12738.31281375885
27	-3.8077674	1.9598737	-0.8	-10.0	0.019417476	0.1379871	1.0	0.0	48.54369	144.0	0.0010285714285714286	-1.8517708	1.6903279	1.2940813	-8.918773	0.009675652	0.02310043	0.11977419	-0.05676289	-1.1858401e-09	-0.0006895071	-1.4066697e-09	-0.00055398094	0.8690779	-0.31454802	0.008913485	-0.0015072855	20.916885	0.20589066	22.0	0.7228758	0.0128972065	140000	13209.012584924698
28	-3.814563	2.0581548	-0.5	-10.0	0.029126214	0.16816026	1.0	0.0	48.504856	147.0	0.0010137931034482758	-1.6710123	1.7416137	1.8361145	-8.763765	0.011682855	0.027390715	0.23816714	-0.05716114	2.0041542e-09	-0.00028761305	1.0967255e-09	-0.00068949285	1.2100507	-0.28835654	0.01578277	-0.0027726153	21.122776	0.502058	4.0	0.70225596	0.010701356	145000	13683.859192609787
29	-3.7653844	2.040634	-0.5	-10.0	0.009615385	0.09758549	1.0	0.0	48.01923	148.0	0.0009866666666666667	-1.6805824	1.6918197	1.1175065	-8.707933	0.015227774	0.038362853	0.18230209	-0.17841741	-7.671916e-10	-0.0005436325	-2.2053719e-10	-0.0002884836	0.7743602	-0.20813477	0.0034118462	-0.0012063996	21.624834	0.10182953	79.0	0.6660536	0.009520378	150000	14161.716899871826
30	-4.1197915	2.3431468	-0.7	-10.0	0.0	0.0	0.0	0.0	51.395832	148.0	0.0009548387096774193	-2.0166843	1.8985466	1.4296141	-8.939519	0.004332003	0.014407223	0.07998704	-0.03446558	3.9133713e-10	-0.00038092988	6.2584875e-11	-2.2752276e-05	1.8099453	-0.46718192	0.00021499286	-0.00014961351	21.726664	-0.2679348	79.0	0.6504922	0.0055149095	155000	14639.823808193207
31	-4.05	2.261219	-1.4	-10.0	0.020408163	0.14139192	1.0	0.0	50.714287	150.0	0.0009375	-2.0673873	1.9513913	2.418488	-10.168341	0.0013105012	0.009977796	0.07081056	-0.023636281	-8.707765e-11	-0.0009469178	6.28829e-10	-0.0009773716	1.4889487	-0.46499944	0.008659622	-0.0019371388	21.458729	0.19278717	79.0	0.6540296	0.010231896	160000	15113.215932369232
32	-3.7653844	2.2718499	-0.6	-10.0	0.0	0.0	0.0	0.0	48.01923	150.0	0.0009090909090909091	-1.8777171	2.0251598	1.38044	-9.640803	0.011017433	0.03980104	0.7784128	-0.14903462	-4.1590487e-10	-0.00042460868	-4.3511392e-10	-0.00012628872	1.0283822	-0.44621956	0.0017059143	-0.0016172454	21.651516	-0.2027874	79.0	0.63707334	0.006739981	165000	15588.22764658928
33	-3.7466016	1.889666	-0.6	-10.0	0.029126214	0.16816026	1.0	0.0	47.932037	153.0	0.0009	-1.8388032	2.0024214	1.348867	-11.237383	0.00066576956	0.008251511	0.055586983	-0.04497507	9.993698e-10	-0.0005767339	4.768372e-10	-0.0012833207	1.0312543	-0.3097936	0.02074371	-0.0034725629	21.448729	0.43257523	5.0	0.6577038	0.019038469	170000	16058.937650203705
34	-3.4861112	1.7660617	-0.4	-10.0	0.0	0.0	0.0	0.0	45.555557	153.0	0.0008742857142857143	-1.6064289	1.7128382	1.4134364	-8.587472	0.025169652	0.04746961	0.25322956	-0.09357363	-7.7816414e-10	-0.0005073668	-2.384186e-10	-0.00031091418	1.5048822	-0.47950864	0.0019598182	-0.0015855494	21.881304	-0.13512802	48.0	0.65960896	0.012197031	175000	16535.00534081459
35	-3.580374	1.8783289	-0.8	-10.0	0.018691588	0.13543344	1.0	0.0	46.28972	155.0	0.0008611111111111111	-1.7212254	1.8151104	1.156982	-9.301935	0.0055226283	0.022443036	0.18675043	-0.057845816	-2.8309083e-10	-0.00032320092	-2.7418137e-10	-0.00028437556	0.7328961	-0.28737867	0.005204932	-0.0005578883	21.746176	0.16584206	6.0	0.64173037	0.010693457	180000	17010.085008859634
36	-3.1584747	1.6584824	-0.4	-10.0	0.016949153	0.12908092	1.0	0.0	42.211864	157.0	0.0008486486486486486	-1.5511504	1.9323082	2.9340155	-11.092056	0.008799137	0.023280052	0.20484826	-0.036825635	7.5760537e-10	-0.00054706424	6.6161154e-10	-0.0005214545	0.9921251	-0.303595	0.0069228895	-0.0008749557	21.912018	0.26634216	51.0	0.6744268	0.012196467	185000	17484.575040578842
37	-3.6650944	2.027362	-0.6	-10.0	0.0	0.0	0.0	0.0	47.0283	157.0	0.0008263157894736842	-1.8403718	2.2019107	2.5029044	-11.849386	0.011258229	0.033468425	0.3441717	-0.05384641	-3.0455516e-10	-0.00042013984	-7.748604e-11	-6.964746e-05	1.0324928	-0.28365576	0.0011642281	-0.0010842935	22.17836	-0.25717163	79.0	0.6391048	0.007326902	190000	17961.641520500183
38	-3.1512818	1.6729428	-0.4	-10.0	0.034188036	0.1817119	1.0	0.0	42.042736	161.0	0.0008256410256410257	-1.3463867	1.5737866	1.2227551	-8.697277	0.0014253182	0.010076828	0.07846698	-0.047706697	-1.2454375e-09	-0.00024568982	-7.8454615e-10	-0.00079213135	1.0869689	-0.518824	0.021384997	-0.0028957333	21.921188	0.64089394	4.0	0.6444742	0.0143134035	195000	18436.942039728165
39	-3.3607142	1.746801	-0.6	-10.0	0.0	0.0	0.0	0.0	44.410713	161.0	0.000805	-1.3456548	1.5473608	1.5034186	-10.022151	0.023124892	0.042376004	0.20808716	-0.08075819	7.523457e-10	-0.0004649664	-2.0340085e-10	-0.00032484392	0.66592246	-0.31870633	0.0023427315	-0.0022755517	22.562082	-0.112104416	79.0	0.65747243	0.009847083	200000	18911.191383600235
40	-3.8823533	2.390357	-0.5	-10.0	0.019607844	0.13864838	1.0	0.0	48.85294	163.0	0.0007951219512195122	-2.0326238	2.506719	2.4274724	-13.097077	0.0017716927	0.010055404	0.06389137	-0.12089703	2.7100486e-10	-0.00075321953	-5.00679e-10	-0.0007239845	2.039304	-0.8340349	0.014068486	-0.0025342805	22.449978	0.21399117	24.0	0.6445921	0.014338615	205000	19392.440030813217
41	-3.6317759	1.9609553	-1.1	-10.0	0.018691588	0.13543345	1.0	0.0	46.700935	165.0	0.0007857142857142857	-2.104816	2.3941805	2.929652	-12.343785	0.014232086	0.039333515	0.27267224	-0.17780049	5.796488e-10	-0.00065179565	8.34465e-11	-0.0006494859	1.941171	-0.9138782	0.010096021	-0.0011698129	22.663969	0.36180687	21.0	0.6412056	0.012514064	210000	19870.127076148987
42	-3.552778	1.9798268	-0.5	-10.0	0.046296295	0.21012604	1.0	0.0	45.916668	170.0	0.0007906976744186047	-1.419738	1.5137781	1.6725109	-10.366865	0.012662497	0.027408596	0.22534905	-0.11045287	9.0711083e-10	-0.00042551622	1.0251999e-09	-0.001527481	1.2448511	-0.5258931	0.023221875	-0.0029574241	23.025776	1.2663231	3.0	0.6328953	0.037761528	215000	20351.102259635925
43	-3.879208	2.2022634	-1.0	-10.0	0.00990099	0.09900991	1.0	0.0	49.0297	171.0	0.0007772727272727273	-2.0710208	2.6181161	1.9159071	-12.780236	0.022732468	0.05487451	0.24558596	-0.09482917	-1.120351e-09	-1.2207877e-05	-5.304813e-10	-0.00043541545	1.6116695	-0.8385431	0.005140209	-0.0027687938	24.292099	0.33426666	3.0	0.640416	0.022303864	220000	20826.35125184059
44	-3.9320002	2.1002324	-0.6	-10.0	0.0	0.0	0.0	0.0	49.77	171.0	0.00076	-1.5886757	1.8979629	2.8176339	-10.515346	0.0012114897	0.017325222	0.071025565	-0.09130422	-4.4062207e-10	-0.0003262509	-1.3709069e-10	1.2400386e-05	1.7372267	-0.55892897	0.00029228325	-0.00020696627	24.626366	-0.35613823	79.0	0.629305	0.0064861313	225000	21301.42967391014
45	-3.6866665	1.9341575	-0.8	-10.0	0.0	0.0	0.0	0.0	47.55238	171.0	0.0007434782608695652	-2.0975187	2.2910678	1.3419265	-12.703131	-3.2212483e-05	0.0100338925	0.059920788	-0.043834932	1.3037592e-10	-0.0003001012	-6.072223e-11	-2.8650527e-05	1.0440648	-0.5694064	9.437563e-05	-3.9009687e-05	24.270227	-0.46327972	79.0	0.64684975	0.006886328	230000	21775.611854076385
46	-3.9999998	2.2289646	-1.2	-10.0	0.0	0.0	0.0	0.0	50.444443	171.0	0.0007276595744680852	-1.8279971	2.1092243	3.051918	-10.444042	0.00080532255	0.008371083	0.04193307	-0.036257993	-1.2945102e-11	-0.0004093629	-6.556511e-11	2.921363e-06	1.4025867	-0.61284	6.795462e-05	-2.4467321e-05	23.806948	-0.4848423	79.0	0.6220898	0.008484998	235000	22250.423711299896
47	-4.3095737	2.2509131	-1.2	-10.0	0.010638298	0.102592036	1.0	0.0	53.159573	172.0	0.0007166666666666667	-2.4680634	2.2492013	1.642248	-10.27814	-0.0011238628	0.008382957	0.031863187	-0.03586482	-5.1371015e-11	-0.000472978	3.3080577e-10	-0.0003253516	2.167029	-0.84148765	0.0041055162	-0.00026807375	23.322105	-0.09351349	79.0	0.641628	0.010792502	240000	22723.957767486572
48	-4.1989474	2.3296032	-1.1	-10.0	0.010526316	0.10205642	1.0	0.0	52.410526	173.0	0.0007061224489795918	-1.7633151	1.8243278	3.1495266	-10.948184	0.0033392166	0.01592144	0.091625124	-0.08172303	-9.243602e-10	-0.00050047616	-5.453825e-10	-0.0004553273	0.8959199	-0.49740887	0.007954987	-0.0018469184	23.228592	0.018602371	79.0	0.6133335	0.0072204964	245000	23195.63721346855
49	-3.7563102	2.005123	-1.1	-10.0	0.009708738	0.09805343	1.0	0.0	48.029125	174.0	0.000696	-1.6980727	1.6722022	2.126207	-7.9485946	0.0065282243	0.033581804	0.25504228	-0.07507695	-5.627391e-10	-0.0004277671	-5.364418e-11	-0.00024342336	0.94952106	-0.3691876	0.004235679	-0.0011288233	23.247194	-0.015779495	79.0	0.58324796	0.01228371	250000	23672.428144454956
50	-3.7980394	2.0572674	-1.4	-10.0	0.0	0.0	0.0	0.0	48.54902	174.0	0.0006823529411764706	-1.8951738	2.0226436	3.4039543	-9.72241	0.0016596601	0.012722012	0.08447826	-0.11525331	1.7217593e-10	-0.0004603118	-4.61936e-11	-0.000103993014	0.85846525	-0.26058275	0.00016008219	-0.00012762411	23.231415	-0.42246246	79.0	0.5806021	0.011792679	255000	24148.75214123726
51	-3.9848487	2.2965658	-1.2	-10.0	0.0	0.0	0.0	0.0	50.29293	174.0	0.0006692307692307692	-2.0451028	2.4633422	2.7538583	-12.147207	2.7056969e-05	0.0067095687	0.03835373	-0.021699542	2.1858907e-11	-0.00049026695	-5.6624413e-11	-8.805102e-06	0.98184747	-0.4033801	4.390431e-05	-2.016238e-05	22.808952	-0.54790497	79.0	0.5678294	0.007964476	260000	24625.803957223892
52	-3.6942856	2.1578133	-1.1	-10.0	0.0	0.0	0.0	0.0	47.52381	174.0	0.0006566037735849056	-1.9518933	2.295651	2.9160867	-11.937997	0.0006976577	0.0061040395	0.044902485	-0.029455282	3.379723e-10	-0.00045009181	-2.3841857e-11	-5.252848e-06	0.72751033	-0.24201	3.5396817e-05	-1.3322937e-05	22.261047	-0.5573101	79.0	0.56385356	0.006329309	265000	25102.094298362732
53	-3.537963	1.8907531	-0.7	-10.0	0.009259259	0.09577852	1.0	0.0	46.175926	175.0	0.0006481481481481481	-1.5516711	1.6150842	1.5711764	-9.138587	-0.00051126344	0.0059405467	0.031241465	-0.02720451	-4.6336043e-10	-0.0005228133	-4.2319298e-10	-0.00028474838	0.4565955	-0.18511993	0.0028778424	-0.0019947398	21.703737	-0.16689682	79.0	0.59053415	0.006865316	270000	25578.68930363655
54	-3.519626	1.7174443	-1.0	-10.0	0.009345794	0.09622084	1.0	0.0	45.990654	176.0	0.00064	-1.390882	1.4481766	2.5185807	-7.0883975	0.0024743588	0.034509167	0.9364727	-0.060608663	-7.3644174e-10	-0.00059799186	-3.2782554e-10	-0.0008267365	0.47863182	-0.18629289	0.007453685	-0.0021482385	21.53684	-0.040527344	18.0	0.58924377	0.01345687	275000	26052.86123418808
55	-3.5712965	1.8898879	-0.4	-10.0	0.055555556	0.22906144	1.0	0.0	46.0	182.0	0.00065	-1.7566315	1.9007517	1.4418819	-9.137686	0.0050104028	0.020689687	0.16386692	-0.13839297	2.9770686e-09	-0.00038888678	2.8848648e-09	-0.0012335588	0.86558604	-0.27808064	0.035947077	-0.007436	21.496313	1.9388733	3.0	0.55691963	0.035081778	280000	26528.779716968536
56	-4.186458	2.2736084	-1.1	-10.0	0.0	0.0	0.0	0.0	51.947918	182.0	0.0006385964912280702	-1.7791836	1.7717068	1.9110602	-9.519756	0.037354548	0.06305399	0.31479508	-0.1608503	7.7953793e-10	1.5211717e-05	8.046627e-10	-0.00059871754	1.4744376	-0.52837175	0.0042610536	-0.0036690524	23.435186	0.11616516	3.0	0.5554959	0.017454393	285000	27008.183856725693
57	-3.9178216	2.2460701	-1.1	-10.0	0.00990099	0.099009916	1.0	0.0	49.41584	183.0	0.0006310344827586207	-2.1471462	2.4548848	2.5148368	-10.938699	0.0067628343	0.01899055	0.15579955	-0.046530243	-2.7138222e-10	-0.000102518854	7.748604e-11	-9.0367605e-05	1.3988564	-0.6459821	0.0027422702	-0.0014453983	23.551352	-0.117836	4.0	0.5669778	0.012164544	290000	27482.743655204773
58	-3.9148514	2.277457	-1.1	-10.0	0.0	0.0	0.0	0.0	49.38614	183.0	0.0006203389830508474	-2.0335128	2.2897515	2.2847216	-9.30769	0.0066677826	0.039228376	0.92811966	-0.038751755	4.5227902e-10	-0.00046575535	3.5762787e-10	-0.0001616539	1.5915121	-0.6428191	0.0014307132	-0.0013814715	23.433516	-0.4701538	79.0	0.5663216	0.0068795737	295000	27956.616235017776
59	-3.3910716	1.6649514	-1.0	-10.0	0.017857144	0.13243212	1.0	0.0	44.517857	185.0	0.0006166666666666666	-1.7156217	2.0850542	1.8747702	-11.3768015	0.00092351664	0.008234253	0.15239194	-0.04846634	4.01884e-10	-0.00064614357	3.695488e-10	-0.0006198612	0.7112641	-0.31037107	0.0057543237	-0.00090826023	22.963362	0.2319355	79.0	0.5315117	0.007829124	300000	28434.529972076416
60	-3.7893202	2.2900338	-0.8	-10.0	0.009708738	0.09805343	1.0	0.0	48.14563	186.0	0.0006098360655737705	-1.7046195	1.9450159	1.488929	-10.777809	0.005581134	0.024225058	0.2908999	-0.05866598	-1.0951241e-10	-0.00042144646	1.8179416e-10	-0.00031989312	1.2728249	-0.5897069	0.0085774455	-0.0017859158	23.195297	0.079782486	79.0	0.5112285	0.007588414	305000	28910.16725921631
61	-3.359292	1.8004737	-1.2	-10.0	0.03539823	0.18478417	1.0	0.0	44.00885	190.0	0.0006129032258064516	-1.6956055	2.0167882	1.4227412	-11.169128	0.008914621	0.027832765	0.2382738	-0.06341401	1.5744979e-10	-0.00037204308	-5.364418e-10	-0.00057529774	0.89119744	-0.4163991	0.018199816	-0.0026433738	23.27508	1.2038212	5.0	0.49428302	0.017157407	310000	29387.879067659378
62	-3.2226088	1.7192041	-0.3	-10.0	0.0	0.0	0.0	0.0	43.034782	190.0	0.0006031746031746032	-1.4361739	1.871887	1.2319409	-13.854931	0.021378715	0.04113808	0.23188658	-0.110514484	-3.6675107e-11	-0.00033735874	2.8908254e-10	-0.000112917725	0.42535314	-0.14891535	0.002180989	-0.0020534222	24.4789	-0.1551075	79.0	0.48947528	0.0058709076	315000	29859.44348359108
63	-3.6556604	2.0178018	-1.1	-10.0	0.009433962	0.09666934	1.0	0.0	46.933964	191.0	0.000596875	-1.5726581	1.6803763	1.6100848	-9.525703	0.0013412848	0.012522191	0.1672311	-0.038715973	9.4605324e-11	-0.00033831914	3.576279e-11	-0.000348013	1.6099764	-0.8284349	0.003597519	-0.0014579005	24.323793	-0.1619587	10.0	0.48748818	0.011638846	320000	30333.504984378815
64	-3.8235295	2.0123723	-1.0	-10.0	0.0	0.0	0.0	0.0	48.69608	191.0	0.0005876923076923077	-1.7606544	1.8582375	1.8376789	-9.828301	0.0025571457	0.030118642	0.30221435	-0.07521824	9.483073e-11	-0.0003214494	1.1920929e-11	-0.00012700906	1.0440468	-0.22577608	0.00067492627	-0.00036584595	24.161835	-0.5233345	79.0	0.4810408	0.004139071	325000	30806.782609939575
65	-3.5220182	1.9253193	-0.7	-10.0	0.027522936	0.16360141	1.0	0.0	45.614677	194.0	0.0005878787878787878	-1.6563644	1.7737894	1.2822315	-9.897504	0.0014631554	0.02237318	0.6737845	-0.07353473	-2.1081058e-10	-0.00026756732	-4.053116e-10	-0.00066698436	0.79958504	-0.3360574	0.02109455	-0.00428823	23.6385	0.7520275	4.0	0.4505749	0.018224118	330000	31280.64233994484
66	-4.1364584	2.281224	-0.9	-10.0	0.0	0.0	0.0	0.0	51.677082	194.0	0.0005791044776119403	-2.1574965	2.5037327	1.1983715	-11.757989	0.033635266	0.052770805	0.3170728	-0.1469577	-6.729963e-10	-0.00069810485	-3.4868716e-10	-0.0009868266	1.3680154	-0.70413053	0.0034841713	-0.0031001205	24.390528	-0.26864243	18.0	0.45451596	0.016897105	335000	31752.32163453102
67	-3.4063063	1.8393242	-0.6	-10.0	0.0	0.0	0.0	0.0	44.864864	194.0	0.0005705882352941177	-1.783864	2.3382678	1.1219592	-13.123561	0.0023611302	0.013984033	0.08835989	-0.034930985	2.322251e-10	-0.00023572534	-1.1175871e-11	-3.4149463e-05	0.7064034	-0.36528495	0.00017173617	-0.00012215694	24.121885	-0.6858139	79.0	0.4632378	0.004372471	340000	32227.030727148056
68	-3.6495323	2.283847	-1.1	-10.0	0.009345794	0.09622083	1.0	0.0	46.672897	195.0	0.0005652173913043478	-1.846152	2.229076	2.1928926	-10.147966	0.0024365894	0.010188881	0.058162756	-0.020280836	-1.01237616e-10	-0.00091970386	-6.020069e-10	-0.0009694331	1.4198631	-0.76047045	0.0064804717	-0.004462878	23.436071	-0.19022751	21.0	0.43914038	0.014679187	345000	32700.348855495453
69	-3.199138	1.7684737	-0.3	-10.0	0.00862069	0.0924466	1.0	0.0	42.61207	196.0	0.00056	-1.6177453	2.0918636	2.16901	-11.239905	0.015421646	0.093558915	0.8721125	-0.058148887	-5.233975e-10	-0.00027056952	-8.6426734e-11	-0.00036897804	1.2690556	-0.57383335	0.013192235	-0.009517895	23.245844	-0.08855438	4.0	0.40800452	0.013151187	350000	33176.79505991936
70	-3.6594338	1.9939898	-0.7	-10.0	0.009433962	0.09666934	1.0	0.0	47.07547	197.0	0.0005549295774647888	-1.7171524	1.976121	3.396809	-10.253036	0.00892528	0.03002602	0.18345654	-0.046238147	-1.0288984e-09	-0.00029761298	-6.079674e-10	-0.0002758927	0.90032893	-0.42152634	0.003857029	-0.0031180382	23.15729	-0.053966522	9.0	0.46689814	0.016485281	355000	33651.82509827614
71	-3.7346153	2.0946712	-1.1	-10.0	0.0	0.0	0.0	0.0	47.923077	197.0	0.0005472222222222223	-1.705057	1.8191396	2.7794058	-9.567865	0.004691615	0.028191658	1.1325417	-0.09683866	4.4324422e-10	-0.0006860387	-3.218651e-10	-0.00047462984	0.9706051	-0.42253458	0.0008064329	-0.0007732059	23.103323	-0.59885025	79.0	0.44163722	0.005606417	360000	34124.84332895279
72	-3.5247703	2.0189993	-0.4	-10.0	0.027522936	0.16360141	1.0	0.0	45.6422	200.0	0.000547945205479452	-1.7389363	2.0491	2.000547	-10.964921	0.0004494767	0.0068270224	0.046259604	-0.069641925	-2.681857e-09	-0.0005195784	-1.1652708e-09	-0.00078911753	0.82313347	-0.33958727	0.020812148	-0.0026666392	22.504473	0.85839653	10.0	0.4549628	0.014838769	365000	34600.873102903366
73	-3.6723807	2.3405533	-0.8	-10.0	0.00952381	0.09712419	1.0	0.0	46.990475	201.0	0.0005432432432432433	-2.0319927	2.3745131	1.5059277	-12.982256	0.032132924	0.040280268	0.17618762	-0.064556755	-1.0364642e-10	-0.00067802554	7.152558e-11	-0.0009000055	1.3104424	-0.554665	0.007669191	-0.003311994	23.36287	0.26811028	70.0	0.45681167	0.012118076	370000	35073.908653736115
74	-3.8598037	2.1898725	-0.3	-10.0	0.009803922	0.098528214	1.0	0.0	48.843136	202.0	0.0005386666666666667	-2.1303566	2.4402165	3.2397797	-11.503791	0.014424516	0.041163452	0.46418056	-0.054083377	1.0804344e-09	-0.00055244437	1.1503697e-09	-0.000709608	1.3661549	-0.5147628	0.0068877535	-0.002114554	23.63098	-0.011499405	20.0	0.39698392	0.013030368	375000	35544.30034947395
75	-4.0252523	2.2751777	-1.1	-10.0	0.01010101	0.09999491	1.0	0.0	50.474747	203.0	0.0005342105263157895	-2.2583086	2.3988183	1.4482663	-10.767556	0.007631053	0.020871786	0.16129659	-0.055754073	2.9494632e-10	-0.00036383103	-2.861023e-10	-0.00016718183	1.1833332	-0.48756146	0.0028176536	-0.0006441688	23.61948	-0.009628296	79.0	0.44211894	0.005161993	380000	36020.288660526276
76	-3.7893205	2.0920985	-1.1	-10.0	0.009708738	0.098053426	1.0	0.0	48.252426	204.0	0.0005298701298701298	-1.9472146	2.225148	2.8500051	-11.881423	0.0028649543	0.018397052	0.23590599	-0.033680826	7.1237133e-10	-0.00025436937	2.861023e-10	-0.0001339013	1.1468222	-0.46924663	0.0021447223	-0.00016614283	23.609852	-0.029180527	79.0	0.42654535	0.005154872	385000	36497.16192293167
77	-3.6452832	2.0220544	-0.8	-10.0	0.009433962	0.09666934	1.0	0.0	46.83019	205.0	0.0005256410256410256	-1.955509	2.5092747	1.9612373	-13.150512	0.002205518	0.01410824	0.20640595	-0.0366289	-1.3670115e-09	-0.00038832318	-1.513958e-09	-0.00040393812	1.2474271	-0.72195405	0.0063486956	-0.0014217789	23.580671	-0.04360962	17.0	0.41374135	0.013748334	390000	36973.90618515015
78	-3.7413461	2.1499379	-1.0	-10.0	0.009615385	0.09758549	1.0	0.0	47.778847	206.0	0.0005215189873417721	-1.9511646	2.2816072	2.8025103	-11.26376	0.015083076	0.035176482	0.23521861	-0.06951211	1.4693504e-09	-0.00010297136	6.079674e-10	-5.8615326e-05	1.396476	-0.6477477	0.0075919433	-0.0013316511	23.537062	-0.03610611	4.0	0.42617178	0.008143334	395000	37448.10996580124
79	-3.4089286	1.9047194	-0.9	-10.0	0.026785715	0.16145661	1.0	0.0	44.598213	209.0	0.0005225	-1.7807676	2.2227407	1.3021077	-12.097429	0.009064459	0.023694815	0.12261548	-0.0874105	-1.8042992e-09	-0.00018914344	-1.3291835e-09	-0.00046301397	1.071042	-0.65192544	0.016951721	-0.0017037811	23.500956	1.116766	3.0	0.38329375	0.0113071855	400000	37921.928071022034
80	-3.6292448	2.1238966	-0.6	-10.0	0.0	0.0	0.0	0.0	46.773586	209.0	0.0005160493827160494	-1.767659	2.179373	1.4290272	-11.267591	0.02159516	0.051102467	0.25060073	-0.11135001	8.1896157e-11	-0.0005689087	-3.874302e-11	-0.0005704653	1.535188	-0.9055247	0.0031736342	-0.0031009568	24.617722	-0.36356926	29.0	0.41464052	0.013343239	405000	38393.47318959236
81	-3.5607476	1.9076705	-0.6	-10.0	0.009345794	0.09622084	1.0	0.0	46.093456	210.0	0.0005121951219512195	-2.3347383	2.8681686	1.7718393	-14.734753	-0.0012838946	0.0070268745	0.0583359	-0.047513627	-3.595317e-10	-0.00047620264	-4.529953e-10	-0.0010115523	2.175954	-1.1796205	0.005911627	-0.0015914529	24.254152	-0.2319107	13.0	0.37406942	0.01446447	410000	38869.05309653282
82	-3.5431194	2.172487	-1.1	-10.0	0.0091743115	0.09534224	1.0	0.0	45.62385	211.0	0.000508433734939759	-1.7121191	2.1133916	1.8351768	-10.683336	0.0032011513	0.018920457	0.25207788	-0.04843005	-7.3947826e-10	-0.00041659243	-9.536743e-11	-0.00097415777	1.1804435	-0.45992446	0.004769976	-0.0006806585	24.022242	-0.06975937	11.0	0.40067604	0.015878927	415000	39344.457117557526
83	-3.4754548	1.9830273	-1.0	-10.0	0.0	0.0	0.0	0.0	45.354546	211.0	0.0005023809523809524	-1.8716289	2.3436732	1.2910391	-10.91105	0.004213668	0.01716318	0.09355984	-0.05847932	-1.185182e-11	-0.00023694336	2.026558e-10	-5.936166e-05	0.88006306	-0.2739331	0.00030855217	-0.00027798797	23.952482	-0.746994	79.0	0.4063168	0.0047532967	420000	39821.302874565125
84	-3.7	2.229371	-0.8	-10.0	0.00952381	0.09712419	1.0	0.0	47.37143	212.0	0.0004988235294117647	-2.1731336	2.6483822	2.0490599	-12.026398	0.0005766154	0.007280136	0.3262063	-0.039975606	2.238447e-11	-0.00070091034	-3.218651e-10	-0.0009774639	1.2361878	-0.55490065	0.007371698	-0.0010052673	23.205488	-0.23535538	38.0	0.39953098	0.012476543	425000	40296.49605846405
85	-4.1216493	2.4159362	-0.8	-10.0	0.010309278	0.101009876	1.0	0.0	51.309277	213.0	0.0004953488372093024	-2.3386188	2.7238786	1.8873113	-12.606131	0.008648707	0.029760133	0.3103971	-0.118166134	2.76166e-11	-0.00031044072	-4.1127204e-10	-0.0004871789	1.5344254	-0.6054953	0.0072421716	-0.0015645567	22.970133	0.013143539	16.0	0.41131666	0.015044121	430000	40778.26211690903
86	-3.3927925	1.6520102	-0.9	-10.0	0.0	0.0	0.0	0.0	44.82883	213.0	0.0004896551724137931	-1.7121197	2.0632684	1.358459	-13.491751	0.010793896	0.027110543	0.17516762	-0.06316602	-9.239776e-10	-0.00026405815	-5.960465e-11	-0.00014255103	0.6928758	-0.4817277	0.00084283686	-0.00080327597	22.983276	-0.7646847	79.0	0.44658944	0.0064986716	435000	41255.428831100464
87	-3.9484844	2.0642881	-1.0	-10.0	0.01010101	0.099994905	1.0	0.0	49.81818	214.0	0.00048636363636363634	-1.9715824	2.24546	1.2462221	-12.354859	-0.0009227425	0.005862264	0.050467107	-0.03020713	1.1561334e-09	-0.0005527012	5.90086e-10	-0.0010825736	1.0415808	-0.6200009	0.0064699966	-0.0031389412	22.218592	-0.20858955	21.0	0.40147305	0.015796557	440000	41757.55718946457
88	-3.607547	1.7957863	-0.7	-10.0	0.0	0.0	0.0	0.0	46.9717	214.0	0.0004808988764044944	-1.5178862	1.7794855	5.1025786	-9.428677	0.00340611	0.028459579	0.86262167	-0.04647237	1.7929055e-10	-0.00051982095	8.34465e-11	-0.0004716864	0.605925	-0.3402512	0.00082504016	-0.00080404925	22.010002	-0.7931614	79.0	0.4107747	0.0062930034	445000	42260.658480644226
89	-3.7825243	2.1418812	-0.7	-10.0	0.0	0.0	0.0	0.0	48.39806	214.0	0.00047555555555555556	-1.8065825	1.9990064	1.640429	-9.459969	0.00050696434	0.005424068	0.076683596	-0.033874597	-1.306305e-10	-0.00034902486	-5.5879353e-11	-3.7893384e-05	0.94501877	-0.53671813	2.8524339e-05	-1.5770063e-05	21.21684	-1.0367546	37.0	0.40438065	0.013615955	450000	42736.145990133286
90	-3.722115	2.0059986	-1.1	-10.0	0.0	0.0	0.0	0.0	47.798077	214.0	0.0004703296703296703	-1.961806	2.2979732	1.1479722	-10.987705	4.7398735e-05	0.006396256	0.15299359	-0.023970507	2.772604e-10	-0.00024374302	7.450581e-12	1.1098057e-06	0.8809429	-0.3474139	2.898013e-05	-2.0191888e-05	20.180086	-1.0789452	79.0	0.4257373	0.0050330376	455000	43213.71556806564
91	-3.630189	2.0153735	-0.4	-10.0	0.009433962	0.09666934	1.0	0.0	46.78302	215.0	0.0004673913043478261	-1.8808953	2.2986462	3.4425325	-11.732053	0.0003192713	0.0042567076	0.113571346	-0.019020755	-5.478563e-10	-0.0005583512	-5.066395e-10	-0.0008374864	1.1911483	-0.73758334	0.005727997	-0.0027277628	19.101141	-0.28471947	10.0	0.40355614	0.021835862	460000	43688.73796606064
92	-3.7190475	2.2038536	-0.6	-10.0	0.0	0.0	0.0	0.0	47.45714	215.0	0.0004623655913978495	-2.187809	2.6760483	3.775277	-11.8105755	0.005806579	0.037821893	0.93856186	-0.04499913	2.457101e-10	-0.00041659983	3.576279e-11	-0.00030011756	1.6366086	-0.97838014	0.0014856552	-0.0014717163	18.816422	-0.87187386	79.0	0.37521726	0.0111866575	465000	44166.361741542816
93	-3.9633665	2.6479106	-0.6	-10.0	0.0	0.0	0.0	0.0	49.435642	215.0	0.0004574468085106383	-2.1831079	2.36949	1.2755815	-11.557696	-0.00028042393	0.0036920228	0.04327684	-0.018427646	3.350448e-10	-0.00037953476	-1.5646219e-11	-1.3092465e-05	1.6709486	-0.99341476	1.2295215e-05	-5.0664084e-06	17.944548	-1.1362915	79.0	0.38667938	0.0049162647	470000	44643.58755946159
94	-3.4125	1.6968523	-0.5	-10.0	0.04464286	0.20651844	1.0	0.0	44.63393	220.0	0.0004631578947368421	-1.7397617	2.0297713	3.6299748	-10.104209	-0.00026121308	0.002531333	0.03167917	-0.019553347	3.4719505e-09	-0.00088685984	2.6345253e-09	-0.0011870612	0.9450844	-0.53514385	0.024687147	-0.0048445165	16.808256	2.6478329	18.0	0.4081964	0.014610791	475000	45119.95091176033
95	-3.3460176	1.722523	-0.8	-10.0	0.0088495575	0.093654916	1.0	0.0	44.16814	221.0	0.00046041666666666665	-1.3822402	1.6006008	1.2883283	-10.105555	0.02638067	0.055683564	0.7523603	-0.07745336	-2.748764e-10	-0.00049230567	-3.5762787e-10	-0.00071940804	0.44810885	-0.19758081	0.007361363	-0.0030603115	19.456089	0.70661736	29.0	0.42508066	0.01224351	480000	45595.07175040245
96	-3.499091	2.1699808	-0.4	-10.0	0.009090909	0.094911896	1.0	0.0	45.29091	222.0	0.0004577319587628866	-2.0150206	2.6933215	3.9212153	-12.406522	0.006890696	0.012765817	0.10322317	-0.026971001	2.783381e-10	-0.0008029201	8.881092e-10	-0.00069019565	0.7507569	-0.37905672	0.0068132784	-0.003866553	20.162706	-0.10551262	79.0	0.38547704	0.008255055	485000	46073.38126587868
97	-3.3380532	1.9796897	-0.3	-10.0	0.0088495575	0.093654916	1.0	0.0	43.99115	223.0	0.00045510204081632654	-1.7019982	2.228438	2.196023	-11.352699	0.011291444	0.04244067	0.5076018	-0.103983335	-9.343928e-10	-0.0004882076	-5.2452087e-10	-0.00024076489	0.8429659	-0.3091246	0.008878954	-0.004748759	20.057194	-0.14574242	79.0	0.4012487	0.0059813443	490000	46546.41970825195
98	-3.640187	2.2540455	-1.0	-10.0	0.018691588	0.13543344	1.0	0.0	46.57944	225.0	0.00045454545454545455	-1.8975832	2.1948814	2.7099452	-11.092977	0.01565084	0.05612138	0.48475134	-0.04709016	-1.7685137e-10	-0.00065118406	-2.384186e-10	-0.0009546887	1.1562469	-0.43386716	0.012552941	-0.0038453825	19.911451	0.7329979	4.0	0.38504496	0.018816125	495000	47020.247154951096
99	-3.582407	2.0827258	-1.0	-10.0	0.009259259	0.09577851	1.0	0.0	46.212963	226.0	0.000452	-2.104248	2.6769304	1.3690274	-11.834281	0.031755675	0.07286516	0.9105452	-0.046422254	1.1956053e-09	-0.00019912214	2.7418137e-10	-0.0006126753	0.91715324	-0.4103428	0.010528107	-0.0056001614	20.64445	0.14936829	4.0	0.3773957	0.018173434	500000	47495.04766058922
100	-3.344248	1.7006475	-0.8	-10.0	0.0088495575	0.093654916	1.0	0.0	44.247787	227.0	0.0004495049504950495	-1.4991494	1.884288	1.3344877	-11.067552	0.009268109	0.01631016	0.13649367	-0.02792157	5.0123583e-10	-0.00057796185	8.046627e-11	-0.00035120177	0.7580727	-0.40165094	0.006611148	-0.00079693506	20.793818	-0.13280106	79.0	0.37077835	0.008883092	505000	47968.23975777626
101	-3.820588	2.1890252	-1.0	-10.0	0.0	0.0	0.0	0.0	48.77451	227.0	0.00044509803921568625	-1.6715006	2.0988927	2.0870972	-14.703113	0.011335763	0.024157137	0.22808069	-0.03664807	9.232447e-10	-0.0003618412	5.155802e-10	-7.4840464e-05	1.2218738	-0.8127983	0.00051974907	-0.00045840206	20.661016	-0.9881325	79.0	0.35697266	0.0052373502	510000	48442.30321574211
102	-3.5925233	1.8074458	-0.6	-10.0	0.0	0.0	0.0	0.0	46.61682	227.0	0.00044077669902912623	-1.869498	2.3158557	2.5232236	-12.110228	0.0032190995	0.010065667	0.11988869	-0.017969958	-6.075562e-10	-0.0003338907	4.0233136e-11	-6.9136395e-06	1.1498989	-0.4540431	9.684029e-05	-7.476949e-05	19.672884	-1.2394867	79.0	0.35375082	0.0042544496	515000	48921.331589221954
103	-3.4639637	2.0040405	-1.2	-10.0	0.027027028	0.16216217	1.0	0.0	44.846848	230.0	0.0004423076923076923	-1.9179895	2.461884	1.6037313	-12.212642	0.00088440656	0.0051196725	0.041644573	-0.015570954	1.0283486e-09	-0.0011018764	1.001358e-09	-0.0016452768	1.3151561	-0.5962412	0.010105156	-0.0041567236	18.433397	1.3357391	6.0	0.35132143	0.022044363	520000	49393.63738465309
104	-3.3184211	1.924795	-0.6	-10.0	0.0	0.0	0.0	0.0	43.798244	230.0	0.0004380952380952381	-1.7756993	2.1583211	2.2452633	-12.916483	0.010256638	0.04684065	0.59109074	-0.045194954	1.2768853e-10	-0.00040536255	-3.33786e-10	-0.00022242658	1.1152594	-0.52591264	0.0021954274	-0.0021218301	19.769136	-0.5148525	79.0	0.34816176	0.005017415	525000	49867.64216351509
105	-3.389189	1.8940567	-0.9	-10.0	0.0	0.0	0.0	0.0	44.495495	230.0	0.0004339622641509434	-1.7865603	2.185962	1.5247787	-11.761515	0.0019600037	0.006259283	0.07994645	-0.012355511	5.700586e-10	-0.00028728627	3.501773e-11	-1.4279318e-05	1.2480139	-0.5267977	4.090804e-05	-2.7745635e-05	19.254284	-1.250124	79.0	0.3084042	0.004914221	530000	50342.728222846985
106	-3.5203705	1.7057507	-0.9	-10.0	0.009259259	0.0957785	1.0	0.0	46.0	231.0	0.00043177570093457944	-1.5981076	1.9818298	3.124807	-12.264943	0.00014070701	0.003528418	0.05361999	-0.01248949	-2.595075e-10	-0.00027466434	-5.811453e-10	-0.0001403248	0.7878595	-0.5457529	0.0063969595	-0.0011596289	18.00416	-0.366457	79.0	0.34064737	0.004848025	535000	50815.894511938095
107	-3.5794396	2.2687943	-0.5	-10.0	0.009345794	0.09622083	1.0	0.0	46.280373	232.0	0.00042962962962962963	-1.7617531	2.1062934	2.9345765	-10.333297	0.0052552717	0.022985185	0.15932406	-0.04216216	-5.1362387e-10	-0.00024259055	-1.9669533e-10	-0.0004898438	1.4172754	-0.78168726	0.0038622348	-0.0008019763	17.637703	-0.09078598	5.0	0.34382665	0.012726764	540000	51287.44649839401
108	-3.7766988	1.9866644	-1.0	-10.0	0.019417476	0.1379871	1.0	0.0	48.339806	234.0	0.0004293577981651376	-1.9059578	2.3385882	1.6451186	-12.555894	0.0043065716	0.014733522	0.15132411	-0.01486833	2.8134545e-10	-0.0005423997	-3.874302e-10	-0.0009076163	1.113275	-0.68147635	0.011370056	-0.0034144605	17.546917	0.9380379	11.0	0.31865507	0.015749786	545000	51763.34383773804
109	-3.6433961	2.0046182	-0.4	-10.0	0.0	0.0	0.0	0.0	46.915092	234.0	0.00042545454545454543	-1.819276	2.4278822	3.5859487	-13.36985	0.010434816	0.044823073	0.45234355	-0.14048268	-7.9156093e-10	-0.00047771225	-1.4305115e-10	-0.0003522446	1.2624078	-0.58366454	0.0018216886	-0.001613243	18.484955	-0.7646637	79.0	0.34202468	0.007489508	550000	52238.80013489723
110	-3.1811965	1.7118957	-1.0	-10.0	0.008547009	0.09205412	1.0	0.0	42.62393	235.0	0.0004234234234234234	-1.5571326	1.9837626	1.4891557	-12.263881	0.0023594715	0.009534826	0.10178929	-0.024496086	2.0871535e-11	-0.00055565924	-1.6093255e-10	-0.00046173937	0.7504898	-0.47365248	0.0067394683	-0.00035474822	17.720291	-0.4478264	79.0	0.3257971	0.010498302	555000	52718.73395609856
111	-3.2695656	1.8447186	-0.5	-10.0	0.0	0.0	0.0	0.0	43.408695	235.0	0.00041964285714285714	-1.5414164	1.9034352	1.69636	-10.812914	0.0087432405	0.014729054	0.09206236	-0.03331103	1.0599642e-09	-0.00022320023	3.8146972e-10	-3.3538938e-05	0.9339457	-0.48882052	0.0002787306	-0.00026207423	17.272465	-1.1285133	79.0	0.33399403	0.0022799373	560000	53193.09033870697
112	-3.361607	1.831044	-1.1	-10.0	0.017857144	0.13243212	1.0	0.0	44.223213	237.0	0.00041946902654867255	-1.6839473	2.1296587	2.1670444	-11.469011	0.0004943917	0.003345817	0.024116391	-0.009381032	1.0250317e-09	-0.0002528164	1.502037e-09	-0.00011431808	0.6508672	-0.37057436	0.008458563	-0.0005615363	16.143951	0.54175377	3.0	0.28161913	0.005510527	565000	53681.348066568375
113	-3.3891892	1.9487278	-0.4	-10.0	0.009009009	0.094487295	1.0	0.0	44.396397	238.0	0.0004175438596491228	-1.6894621	2.0595775	2.591456	-12.453848	0.012726985	0.02280758	0.15296416	-0.06875177	2.3795582e-10	-0.00043122534	1.2695789e-09	-0.00021064913	1.2698021	-0.7182969	0.005301912	-0.00023836037	16.685705	0.110183716	58.0	0.320472	0.0127690425	570000	54147.67622375488
114	-3.2904348	2.0749006	-0.7	-10.0	0.026086956	0.15939394	1.0	0.0	43.04348	241.0	0.0004191304347826087	-1.8009841	2.6216874	2.1598227	-11.781882	0.00670726	0.018664058	0.4738177	-0.031510245	1.3410637e-09	-0.0006795334	1.2278557e-09	-0.0009963159	0.8615925	-0.35680163	0.011689978	-0.0011833943	16.795889	1.7372513	5.0	0.29729864	0.02291424	575000	54614.11232686043
115	-3.4799998	2.156799	-0.9	-10.0	0.027272727	0.16287702	1.0	0.0	45.3	244.0	0.0004206896551724138	-1.8740568	2.1622803	1.3974288	-10.564557	0.020040844	0.03938387	0.39086515	-0.080719486	3.294626e-10	-0.000727831	-6.4074995e-10	-0.0017230358	1.1158029	-0.5615236	0.016146157	-0.002627572	18.53314	2.3739567	4.0	0.31422818	0.022747675	580000	55091.77924633026
116	-3.546789	2.0115979	-0.5	-10.0	0.018348623	0.13420859	1.0	0.0	45.862385	246.0	0.0004205128205128205	-1.7106992	2.198179	1.6637952	-12.4262495	0.015492972	0.0374787	0.60269743	-0.097902134	-1.2480699e-09	-0.00051543827	-8.881092e-10	-0.0009259682	0.8067287	-0.35148746	0.008537562	-0.0030090925	20.907097	1.4484177	4.0	0.3477229	0.02831604	585000	55575.335918188095
117	-3.6509433	2.1374135	-0.5	-10.0	0.0	0.0	0.0	0.0	47.09434	246.0	0.0004169491525423729	-1.8584092	2.2897274	1.8626753	-12.345713	0.0062681627	0.028912183	0.3127388	-0.06797381	-5.5263955e-10	0.000112168826	-1.2516975e-10	-0.00021570246	1.1783518	-0.55011415	0.0008725491	-0.0008548365	22.355515	-0.83918	4.0	0.29049003	0.017188752	590000	56042.4510512352
118	-3.6771429	1.9807289	-0.6	-10.0	0.0	0.0	0.0	0.0	47.352383	246.0	0.0004134453781512605	-1.8915311	2.1821363	1.7829953	-10.732634	-0.00013066983	0.0045306636	0.044838376	-0.026871108	-2.7954886e-10	-0.00033829812	-4.4330956e-11	1.5509251e-05	0.9896535	-0.4947346	1.9299538e-05	-9.134897e-06	21.516335	-1.4492798	79.0	0.2945236	0.002903537	595000	56514.99207830429
119	-3.3309734	1.7097367	-0.9	-10.0	0.0	0.0	0.0	0.0	44.115044	246.0	0.00041	-1.5603367	1.9539137	1.8000705	-11.677656	-0.00037669297	0.0030173527	0.024109598	-0.016988102	-3.1546024e-10	-2.4987282e-06	1.4901161e-12	-6.8265645e-06	0.4812375	-0.20784461	9.526473e-06	-3.610477e-06	20.067055	-1.4492493	2.0	0.2977258	0.009623685	600000	56987.14285612106
120	-3.3552632	1.9339122	-0.3	-10.0	0.03508772	0.18400156	1.0	0.0	43.7807	250.0	0.00041322314049586776	-1.5094129	1.791569	1.6222651	-10.8646	0.00012162996	0.0027862524	0.028190728	-0.013037075	-4.4040963e-10	-0.00037643823	-1.1146069e-09	-0.001234137	0.7999302	-0.3387453	0.023038354	-0.0074727964	18.617805	2.4466114	2.0	0.2993858	0.021327646	605000	57480.54499959946
121	-3.3723214	1.7584597	-1.1	-10.0	0.0	0.0	0.0	0.0	44.526787	250.0	0.0004098360655737705	-1.5370945	1.8602737	1.7145681	-10.771909	0.021719852	0.055623434	0.5642123	-0.095993884	5.199385e-10	-0.00044793863	2.503395e-10	-0.0005884758	0.5090081	-0.33304644	0.0035300038	-0.0035048544	21.064417	-0.32884407	40.0	0.27257267	0.012762456	610000	57959.261315107346
122	-3.2068374	1.7516646	-1.0	-10.0	0.008547009	0.09205412	1.0	0.0	42.692307	251.0	0.000408130081300813	-1.4812529	2.109069	1.7766035	-11.322582	0.000532816	0.0043704887	0.0365053	-0.015661236	5.090258e-10	-0.0004358064	4.2319298e-10	-0.00045198546	0.7750968	-0.43704042	0.0048958813	-0.00065419637	20.735573	-0.4575634	14.0	0.29532507	0.01682507	615000	58441.79072666168
123	-3.801961	1.9797493	-0.4	-10.0	0.0	0.0	0.0	0.0	48.69608	251.0	0.00040483870967741934	-1.7012945	1.8501612	3.9788172	-8.589201	0.0064695	0.025070976	0.44589773	-0.037332	-1.8105259e-10	-0.0003647056	3.576279e-11	-0.00010961995	0.94682306	-0.42270583	0.00066964555	-0.0006567419	20.27801	-1.1963158	79.0	0.3164494	0.0046012783	620000	58911.987065553665
124	-3.4342341	2.0576596	-0.6	-10.0	0.009009009	0.09448731	1.0	0.0	44.846848	252.0	0.0004032	-1.7440519	2.2156074	1.4931495	-11.567366	2.2463637e-05	0.0033185277	0.027631044	-0.017409652	1.4593395e-10	-0.00023192943	-2.3841857e-11	-0.00048801085	1.258073	-0.5744648	0.0034462926	-0.00040444965	19.081694	-0.43285942	21.0	0.28235477	0.012897912	625000	59388.88453292847
125	-3.4026787	2.027642	-0.8	-10.0	0.008928572	0.09406833	1.0	0.0	44.535713	253.0	0.0004015873015873016	-1.8581516	2.3426316	2.1877077	-10.97633	0.004715458	0.024625763	0.4025971	-0.014082914	-4.832167e-10	-0.00044172586	-5.7816507e-10	-0.00032112596	0.9548624	-0.6257447	0.0034710427	-0.00034306385	18.648834	-0.17789459	79.0	0.30564973	0.007792001	630000	59855.34025335312
126	-3.320354	1.7957255	-0.8	-10.0	0.0088495575	0.093654916	1.0	0.0	43.81416	254.0	0.0004	-1.4760047	1.8434622	1.3048084	-12.641982	0.0033532956	0.019356454	0.28852606	-0.03738106	1.9157419e-11	-0.00032276913	-1.192093e-10	-0.0012191255	1.3621728	-0.9280717	0.004947514	-0.004332197	18.47094	-0.14905739	34.0	0.32129693	0.012099914	635000	60315.162800073624
127	-3.4845457	1.9216086	-0.9	-10.0	0.009090909	0.0949119	1.0	0.0	45.245453	255.0	0.0003984375	-1.6664549	1.98099	1.2757698	-10.097277	0.0035435508	0.037497718	0.8023123	-0.100474775	1.217404e-09	-0.00031527277	2.1159649e-10	-0.00012410796	1.3507395	-0.8259623	0.006280015	-0.0016686306	18.321882	-0.15549278	79.0	0.31891674	0.004679819	640000	60779.52656698227
128	-3.394643	2.0488603	-0.8	-10.0	0.0	0.0	0.0	0.0	44.55357	255.0	0.00039534883720930233	-1.9009407	2.4665685	1.3287851	-10.999204	0.0056899055	0.016674386	0.12512904	-0.030357668	3.3145234e-10	-0.00024788667	4.2319298e-10	-9.20145e-05	0.925449	-0.573483	0.00030215774	-0.00028723542	18.16639	-1.2739048	79.0	0.32614008	0.0036061332	645000	61226.36703181267
129	-3.4563634	1.8178172	-0.7	-10.0	0.018181818	0.13360853	1.0	0.0	45.263638	257.0	0.00039538461538461537	-1.5723354	1.7254652	2.6203897	-11.308689	2.809267e-05	0.0029723723	0.020903293	-0.0161183	7.1458567e-10	-0.0005622399	3.2782554e-10	-0.0006086891	0.6497343	-0.3537695	0.007433717	-0.00048263697	16.892485	0.66587067	9.0	0.33173704	0.015092264	650000	61668.371394872665
130	-3.2247863	2.0200663	-0.4	-10.0	0.017094018	0.12962177	1.0	0.0	42.589745	259.0	0.0003954198473282443	-1.607531	2.1390789	2.8694398	-10.03211	0.009244209	0.01880887	0.1440696	-0.012587508	-9.935851e-10	-0.00062218955	-5.722046e-10	-0.00056750386	0.86382794	-0.49655187	0.008509163	-0.0036242446	17.558355	1.1702766	79.0	0.26905498	0.009213773	655000	62107.57518076897
131	-3.4642205	1.8153031	-0.8	-10.0	0.0	0.0	0.0	0.0	45.541283	259.0	0.0003924242424242424	-1.5055717	1.6129848	2.3021784	-11.590506	0.007573014	0.03359029	0.36226687	-0.043452725	2.0602302e-10	-0.00026851092	4.4107437e-10	-9.7116994e-05	0.6123483	-0.43075067	0.0011867012	-0.001177605	18.728632	-1.0268784	79.0	0.3104795	0.0043687318	660000	62556.30813193321
132	-3.619626	2.1658108	-0.3	-10.0	0.0	0.0	0.0	0.0	46.57944	259.0	0.00038947368421052633	-1.5723578	1.6502861	1.7241663	-8.981381	0.0001252652	0.0034560335	0.03724427	-0.009597663	-7.648375e-12	-0.00020176156	-3.501773e-11	5.078196e-06	1.0622225	-0.5873581	1.17038235e-05	-5.567816e-06	17.701754	-1.6487522	79.0	0.287277	0.0046495926	665000	63002.29333305359
133	-3.512844	2.141255	-1.0	-10.0	0.0091743115	0.09534225	1.0	0.0	45.62385	260.0	0.0003880597014925373	-1.6627498	1.8105688	2.8234076	-9.827526	-0.0002629881	0.0032021662	0.05805762	-0.009269802	4.240511e-11	-0.00035084935	-7.510185e-10	-0.00012873182	0.59634554	-0.18255386	0.005323623	-0.001015889	16.053001	-0.49894142	79.0	0.31200302	0.004624462	670000	63431.04056882858
134	-3.3513277	1.995531	-0.5	-10.0	0.017699115	0.13185544	1.0	0.0	44.02655	262.0	0.00038814814814814815	-1.7136773	2.090575	1.6480627	-11.9887	0.0053561567	0.018470868	0.2693259	-0.033404477	-2.1923797e-10	-0.00054490456	1.1920929e-11	-0.00059332664	0.54776174	-0.22818673	0.010931146	-0.0011182483	15.55406	0.96845627	68.0	0.28771743	0.012680113	675000	63879.013152360916
135	-3.6037042	2.1946876	-0.9	-10.0	0.037037037	0.1888526	1.0	0.0	46.22222	266.0	0.0003911764705882353	-1.795673	2.1378255	2.2714238	-10.765952	0.020930387	0.043765478	0.6652115	-0.026504744	1.2956e-09	-0.00061195844	7.390976e-10	-0.00093243615	0.73608685	-0.33729306	0.023264887	-0.004546337	16.522516	3.6858654	7.0	0.29177916	0.020979624	680000	64321.111260175705
136	-3.6305552	2.1250472	-0.8	-10.0	0.06481481	0.24619879	1.0	0.0	46.185184	273.0	0.00039854014598540146	-1.7210265	1.947287	2.7648547	-9.965396	0.027005585	0.063527144	1.0858676	-0.082818046	-1.7170821e-09	-0.00029735564	-1.7642975e-09	-0.0007118943	0.74138635	-0.45277175	0.029679598	-0.008348031	20.208382	6.5424175	2.0	0.26847538	0.024132561	685000	64753.088320970535
137	-3.200862	1.9783088	-0.5	-10.0	0.00862069	0.0924466	1.0	0.0	42.724136	274.0	0.0003971014492753623	-1.4803433	1.7378018	3.1440237	-10.787681	0.04169527	0.08661956	1.1010716	-0.20430003	-5.5135735e-10	2.5960677e-05	-1.192093e-10	-9.506978e-05	0.55003804	-0.27344158	0.01125257	-0.0052575073	26.7508	1.3324146	5.0	0.26952472	0.011480895	690000	65175.74029159546
138	-3.1338983	1.5850585	-0.2	-7.5	0.0	0.0	0.0	0.0	42.33898	274.0	0.00039424460431654676	-1.3089379	1.4749177	1.8035519	-10.270639	0.015031222	0.03569437	0.37841126	-0.052489437	-3.525216e-10	-0.00029217178	-2.9206276e-10	-0.00024075632	0.3753489	-0.20360959	0.0015000246	-0.0014756034	28.083214	-0.9843178	79.0	0.25006342	0.0074978364	695000	65599.8770210743
139	-3.481651	2.058376	-0.9	-10.0	0.0091743115	0.09534224	1.0	0.0	45.412846	275.0	0.0003928571428571429	-1.3496059	1.4347887	1.7663181	-6.633381	-8.698009e-05	0.006031448	0.046140905	-0.030907264	1.8082795e-10	-0.0002898597	2.0861626e-10	-0.00032231768	0.670242	-0.32542467	0.005281846	-0.0010231058	27.098896	-0.35616112	22.0	0.25136688	0.014640694	700000	66029.67889738083
140	-3.5266058	2.2978108	-0.5	-10.0	0.0	0.0	0.0	0.0	45.761467	275.0	0.0003900709219858156	-1.8730043	2.0407612	1.0394628	-10.539149	0.0046416144	0.024038704	0.2391241	-0.04358515	-2.439926e-10	-0.0001490289	-1.8179416e-10	-5.38722e-05	0.965775	-0.4308309	0.00058798044	-0.00056640775	26.742735	-1.031498	79.0	0.25255057	0.0029164073	705000	66490.84194612503
141	-3.3794644	2.0539222	-0.8	-10.0	0.017857144	0.13243212	1.0	0.0	44.205357	277.0	0.0003901408450704225	-1.8951492	2.3223233	2.9087813	-11.10742	0.0005149809	0.017556978	0.5751823	-0.022905154	1.3364232e-09	-0.0003318493	1.2993813e-09	-0.00041905305	1.0956606	-0.4783303	0.010281578	-0.002392958	25.711237	0.5108948	15.0	0.23937395	0.015655374	710000	66925.28507304192
142	-3.5100918	1.9844323	-0.4	-10.0	0.018348623	0.13420859	1.0	0.0	45.798164	279.0	0.0003902097902097902	-1.4250858	1.6641221	2.099536	-8.793368	0.011193894	0.034724392	0.47882548	-0.09876578	-5.4106397e-10	-0.00049209123	-6.198883e-10	-0.00064986356	0.6549009	-0.3017849	0.013514897	-0.0051273294	26.222132	1.0790977	38.0	0.25998595	0.012903987	715000	67369.241137743
143	-3.5252337	1.9262134	-0.9	-10.0	0.0	0.0	0.0	0.0	45.943924	279.0	0.0003875	-1.6821443	1.8802402	1.6536726	-9.600759	0.018973267	0.05804489	0.4842629	-0.10460831	-3.271786e-10	-0.0005766051	-4.6491622e-10	-0.00085551647	0.6575589	-0.31315798	0.0037113	-0.0036884581	27.30123	-0.79132843	25.0	0.24789941	0.01645149	720000	67800.81544828415
144	-3.3830357	2.0228999	-0.3	-10.0	0.0	0.0	0.0	0.0	44.4375	279.0	0.0003848275862068966	-1.7995235	2.3614955	1.2455838	-12.766376	0.00015504654	0.002243008	0.009417863	-0.020999297	-1.4584609e-10	-0.00017066384	-7.450581e-12	-1.9813317e-06	0.618622	-0.3105504	5.140482e-06	-1.8511612e-06	26.509901	-1.348753	79.0	0.24472241	0.0025517861	725000	68224.61025357246
145	-3.3846848	1.7503256	-0.6	-10.0	0.0	0.0	0.0	0.0	44.74775	279.0	0.0003821917808219178	-1.4490739	1.5665269	1.1286641	-9.021683	-4.0797513e-05	0.0019928704	0.011403162	-0.018066745	1.7999449e-10	-0.00012283205	5.2154062e-12	2.6684982e-06	0.62985784	-0.25455046	3.9802053e-06	-1.2112387e-06	25.161148	-1.3743229	79.0	0.25185895	0.0017877596	730000	68677.50161838531
146	-3.3955357	2.1299057	-0.5	-10.0	0.0	0.0	0.0	0.0	44.5625	279.0	0.0003795918367346939	-1.673339	2.0839565	1.6907942	-9.930092	-9.674642e-06	0.0015057354	0.0066227224	-0.011933843	-4.8893802e-11	-0.00018661375	-4.8428774e-12	1.7619361e-06	0.9481668	-0.63436115	2.234194e-06	-5.155773e-07	23.786825	-1.394741	79.0	0.2551697	0.0026452772	735000	69107.77762079239
147	-3.6820753	2.141759	-1.2	-10.0	0.009433962	0.09666934	1.0	0.0	47.09434	280.0	0.0003783783783783784	-2.163549	2.642358	1.6925278	-11.800861	-4.2754335e-05	0.0014197294	0.008884989	-0.019517533	-4.466801e-10	-0.00034548595	-4.4107437e-10	-0.00040472916	1.7981715	-0.9182821	0.003722258	-0.0001229595	22.392084	-0.3715973	26.0	0.23235735	0.012613409	740000	69535.58976697922
148	-3.3901787	2.0044575	-0.5	-10.0	0.0	0.0	0.0	0.0	44.50893	280.0	0.00037583892617449666	-1.6000179	1.9717269	2.019806	-9.986748	0.0033840032	0.0071318727	0.038999304	-0.013072712	-3.1849814e-10	-0.00014739361	-2.9802324e-11	-7.232746e-06	0.69503766	-0.32020822	6.322927e-05	-5.5262222e-05	22.020487	-1.1399689	79.0	0.22980376	0.002529298	745000	69963.46824073792
149	-3.181197	1.6885705	-0.4	-10.0	0.017094018	0.12962179	1.0	0.0	42.529915	282.0	0.000376	-1.5839239	2.1618826	4.1702805	-12.339216	0.00046554126	0.002025638	0.014779422	-0.010656174	9.723903e-10	-0.00030829082	1.2427569e-09	-0.00085131644	0.48546934	-0.21411642	0.01230309	-0.0037701717	20.880518	0.48111534	2.0	0.22665806	0.029403815	750000	70392.94485354424
