Epoch	AverageEpRet	StdEpRet	MaxEpRet	MinEpRet	AverageEpCost	StdEpCost	MaxEpCost	MinEpCost	EpLen	CumulativeCost	CostRate	AverageVVals	StdVVals	MaxVVals	MinVVals	AverageCostVVals	StdCostVVals	MaxCostVVals	MinCostVVals	LossPi	DeltaLossPi	SurrCost	DeltaSurrCost	LossV	DeltaLossV	LossVC	DeltaLossVC	Penalty	DeltaPenalty	StopIter	Entropy	KL	TotalEnvInteracts	Time
0	0.11111111	0.8565547	1.0	-1.0	0.0	0.0	0.0	0.0	39.61111	0.0	0.0	-0.08227311	0.36206743	0.64499	-0.79273957	0.39588583	0.386343	1.0578698	-0.4184904	-1.7166137e-08	-0.004759994	3.862381e-09	0.0006244579	0.5566451	-0.30135086	0.2106779	-0.16569716	0	0	4.0	1.0541865	0.010836591	5000	475.84433603286743
1	0.17886178	0.83649015	1.0	-1.0	0.0	0.0	0.0	0.0	40.544716	0.0	0.0	0.32496518	0.16138475	0.654076	-0.77207386	0.1848016	0.093863145	0.42476666	-0.09663878	-1.0871887e-08	-0.015127219	4.762411e-09	-0.00063204585	0.19401045	-0.03674507	0.020658368	-0.013509821	0	0	79.0	1.0453141	0.011174157	10000	937.3643445968628
2	0.29090908	0.8129123	1.0	-1.0	0.0	0.0	0.0	0.0	45.163635	0.0	0.0	0.4455747	0.24603014	1.0003183	-0.78577507	0.090947166	0.053817265	0.26783377	-0.15448298	4.196167e-09	-0.01322882	-7.6591966e-10	-0.00048454042	0.16573438	-0.027914122	0.0068468903	-0.004916358	0	0	57.0	1.0380751	0.012289896	15000	1419.403967142105
3	0.51937985	0.79826146	1.0	-1.0	0.0	0.0	0.0	0.0	38.689922	0.0	0.0	0.5150304	0.26890716	1.1618676	-1.0940776	0.027122034	0.026567271	0.14515023	-0.12884173	2.2315978e-08	-0.004875342	-2.1159649e-10	0.000110431836	0.19171618	-0.03245394	0.0012509531	-0.00085102126	0	0	9.0	1.0325245	0.01420224	20000	1918.8660781383514
4	0.41525424	0.8569385	1.0	-1.0	0.0	0.0	0.0	0.0	42.067795	0.0	0.0	0.63354474	0.254471	1.2853214	-0.65262777	0.004284435	0.015085125	0.05318892	-0.094259456	4.7683715e-09	-0.010282983	-2.1159649e-10	-3.3143446e-05	0.19151364	-0.026490986	0.00024694897	-0.0001433926	0	0	79.0	1.0097907	0.0067753443	25000	2417.0986211299896
5	0.41860464	0.8689089	1.0	-1.0	0.0	0.0	0.0	0.0	38.736435	0.0	0.0	0.56494075	0.33318052	1.1489927	-0.7572374	0.0018642071	0.009857401	0.09287727	-0.040037513	1.0967255e-08	-0.010939258	2.1606683e-11	7.070737e-06	0.19243692	-0.02260822	9.34945e-05	-4.147458e-05	0	0	49.0	1.0050743	0.012088131	30000	2915.972817182541
6	0.576	0.7824475	1.0	-1.0	0.0	0.0	0.0	0.0	39.952	0.0	0.0	0.6409158	0.24678849	1.0984797	-1.0581218	0.0001330041	0.00716534	0.051193465	-0.030751903	-8.106232e-09	-0.0031036648	-2.2351743e-12	2.0976933e-05	0.15114236	-0.012230396	5.3181626e-05	-1.7865172e-05	0	0	6.0	0.96456426	0.014699909	35000	3418.1187422275543
7	0.5982906	0.7517481	1.0	-1.0	0.0	0.0	0.0	0.0	42.504272	0.0	0.0	0.66206527	0.29894733	1.1648575	-1.2335263	0.00020760126	0.006742522	0.05974845	-0.032600645	4.863739e-09	-0.010941683	6.482005e-11	-7.74471e-06	0.1330036	-0.025883175	4.5330566e-05	-1.27303065e-05	0	0	79.0	0.9251405	0.010714101	40000	3896.3242378234863
8	0.6315789	0.75234324	1.0	-1.0	0.0	0.0	0.0	0.0	43.535088	0.0	0.0	0.6825945	0.27307114	1.0933095	-0.506311	0.0006140116	0.006047374	0.037757028	-0.03226886	1.1444092e-08	-0.0039218105	1.1026859e-10	-2.7467458e-06	0.13697937	-0.019949779	3.4981473e-05	-9.420435e-06	0	0	6.0	0.87211347	0.014549829	45000	4368.410924911499
9	0.7692308	0.55868614	1.0	-1.0	0.0	0.0	0.0	0.0	47.89423	0.0	0.0	0.7294351	0.23281915	1.0870965	-0.6262531	-5.911951e-05	0.005253676	0.029056638	-0.02589346	-2.4795532e-09	-0.009617795	6.4447524e-11	1.46746e-06	0.04854507	-0.015434645	2.7281014e-05	-8.5185075e-06	0	0	79.0	0.82711875	0.0098092845	50000	4841.845112085342
10	0.81904763	0.5482605	1.0	-1.0	0.0	0.0	0.0	0.0	47.54286	0.0	0.0	0.75448555	0.17901886	1.0382271	-0.6085145	0.00033496562	0.0044421437	0.029805075	-0.02244217	0.0	-0.0060994765	-6.7055224e-12	-3.3545755e-06	0.07469753	-0.016625144	2.1263588e-05	-6.463969e-06	0	0	79.0	0.82275724	0.008785967	55000	5314.703519105911
11	0.853211	0.48511207	1.0	-1.0	0.0	0.0	0.0	0.0	45.862385	0.0	0.0	0.7110443	0.2594487	1.1821921	-1.0715066	0.0002584793	0.0041795936	0.03161417	-0.024027484	-1.9073486e-10	-0.010797479	2.5331974e-11	-8.002952e-06	0.047217272	-0.013733707	1.7350018e-05	-4.468069e-06	0	0	79.0	0.7929564	0.0111724045	60000	5792.611256122589
12	0.9230769	0.3003942	1.0	-1.0	0.0	0.0	0.0	0.0	47.509617	0.0	0.0	0.73608863	0.2038327	1.2000535	-0.4874303	1.1819553e-05	0.003916567	0.024909288	-0.01840371	4.196167e-09	-0.009190717	1.7136336e-11	-2.4114884e-06	0.047039773	-0.014225926	1.5561218e-05	-3.380611e-06	0	0	79.0	0.7418533	0.007748195	65000	6271.807588338852
13	0.8962264	0.38679242	1.0	-1.0	0.0	0.0	0.0	0.0	46.90566	0.0	0.0	0.7525194	0.15150355	1.2381598	0.1834449	-9.133433e-05	0.003441441	0.019832455	-0.019550178	1.2159347e-08	-0.006766058	2.6077033e-11	-3.4900868e-06	0.057668652	-0.008381013	1.3965905e-05	-2.1907972e-06	0	0	79.0	0.7551296	0.0072704363	70000	6735.61200594902
14	0.7927928	0.5713445	1.0	-1.0	0.0	0.0	0.0	0.0	45.0	0.0	0.0	0.7303279	0.17657186	1.191477	-0.35272622	0.00035245303	0.0035282923	0.0192131	-0.02431724	7.820129e-09	-0.006468395	-3.2410026e-11	5.5433743e-06	0.15730613	-0.02746664	2.0329451e-05	-3.562216e-06	0	0	79.0	0.76147044	0.004764885	75000	7195.08438038826
15	0.8543689	0.42740506	1.0	-1.0	0.0	0.0	0.0	0.0	48.54369	0.0	0.0	0.62481946	0.26149538	1.4776777	-0.5777305	-0.0003449029	0.0035272702	0.028164208	-0.021496624	-2.4795533e-08	-0.007881752	1.2665987e-11	1.2844886e-05	0.08479259	-0.023051858	1.3734442e-05	-2.637099e-06	0	0	79.0	0.73297614	0.007539938	80000	7656.074375152588
16	0.93333334	0.3167293	1.0	-1.0	0.0	0.0	0.0	0.0	47.38095	0.0	0.0	0.738971	0.19603367	1.2882022	-0.25452405	-0.00017615393	0.0028948083	0.01701472	-0.023296436	4.4822692e-09	-0.007728652	-2.0861625e-11	4.2812976e-06	0.048709832	-0.013864353	8.760184e-06	-2.294546e-06	0	0	79.0	0.7192435	0.0069848336	85000	8117.978912591934
17	0.94545454	0.2965365	1.0	-1.0	0.0	0.0	0.0	0.0	45.18182	0.0	0.0	0.7395298	0.15869875	1.1439362	-0.10738604	-4.0463237e-05	0.003214516	0.0209913	-0.0244441	-7.629395e-09	-0.005913872	-2.4028123e-11	-1.9649042e-06	0.04665487	-0.006519474	1.0277703e-05	0.000109397035	0	0	79.0	0.7111951	0.005768327	90000	8577.964663267136
18	0.9433962	0.23108393	1.0	0.0	0.0	0.0	0.0	0.0	47.160378	0.0	0.0	0.7523826	0.1785321	1.1656481	-0.16398448	-0.010778704	0.003543043	0.023995778	-0.02975053	9.918213e-09	-0.008226057	2.2351742e-11	1.3831082e-05	0.013929073	-0.0035415906	0.00011628739	-0.00010458035	0	0	79.0	0.69240254	0.0072048563	95000	9040.125681638718
19	0.9259259	0.35233888	1.0	-1.0	0.0	0.0	0.0	0.0	45.953705	0.0	0.0	0.75309783	0.15854616	1.0833776	-0.103594095	-0.0006655868	0.0031018085	0.030801263	-0.023687929	-9.536744e-10	-0.005914434	2.4586916e-11	-5.7771904e-06	0.050782	-0.0049913675	8.7708495e-06	1.9976826e-05	0	0	79.0	0.6674092	0.0043616784	100000	9499.31454205513
20	0.90654206	0.37523106	1.0	-1.0	0.0	0.0	0.0	0.0	46.71028	0.0	0.0	0.7379357	0.18645379	1.1628302	-0.20429003	0.004701688	0.0030125068	0.026236348	-0.01262557	2.861023e-09	-0.008839011	-1.937151e-11	-2.5118513e-07	0.058518797	-0.012514636	2.8840823e-05	-2.0235491e-05	0	0	79.0	0.68431795	0.007321481	105000	9958.643787384033
21	0.9266055	0.29386452	1.0	-1.0	0.0	0.0	0.0	0.0	45.477066	0.0	0.0	0.7489542	0.20525412	1.221153	-0.28708726	0.00167072	0.0026605036	0.020831708	-0.015681447	1.0299683e-08	-0.009561425	1.0691583e-10	-7.0501324e-06	0.035551008	-0.00903539	1.1298165e-05	4.2458883e-05	0	0	79.0	0.68170524	0.0062828315	110000	10417.71441578865
22	0.9082569	0.37198412	1.0	-1.0	0.0	0.0	0.0	0.0	45.779816	0.0	0.0	0.74489474	0.17019978	1.2848098	0.030188963	-0.0069088778	0.0028002225	0.011198519	-0.026748134	-6.67572e-10	-0.008219314	-1.937151e-10	-2.806683e-06	0.07128908	-0.007782556	5.386501e-05	-4.51945e-05	0	0	79.0	0.6687013	0.008560208	115000	10878.386951446533
23	0.90384614	0.354076	1.0	-1.0	0.0	0.0	0.0	0.0	47.721153	0.0	0.0	0.71066487	0.17321621	1.461454	0.07302437	-0.00040928964	0.0026458648	0.013217352	-0.021518828	5.722046e-09	-0.009788821	1.7881394e-11	1.2016208e-06	0.051758148	-0.0076900013	6.5701233e-06	7.609972e-05	0	0	79.0	0.67788357	0.006323935	120000	11340.27742767334
24	0.8965517	0.40213466	1.0	-1.0	0.0	0.0	0.0	0.0	42.87069	0.0	0.0	0.7618848	0.15904893	1.1450279	0.3228354	0.008477498	0.002429757	0.020483742	-0.0040576053	-1.6212464e-09	-0.008143058	-4.876405e-10	2.5540855e-06	0.08000197	-0.008586504	7.455626e-05	-6.945355e-05	0	0	79.0	0.68909866	0.0075354157	125000	11799.519860506058
25	0.95535713	0.24598172	1.0	-1.0	0.0	0.0	0.0	0.0	44.30357	0.0	0.0	0.7481383	0.17499875	1.2475584	0.019571027	0.0002502358	0.0023242445	0.020854268	-0.01247122	-5.340576e-09	-0.008877641	5.9604643e-12	-3.496364e-07	0.030954955	-0.010588957	5.326055e-06	4.0105851e-07	0	0	79.0	0.6378321	0.0055362717	130000	12261.328479528427
26	0.972973	0.16216217	1.0	0.0	0.0	0.0	0.0	0.0	44.648647	0.0	0.0	0.77328455	0.123301685	1.0668406	0.37816185	-0.0011131755	0.0021137209	0.012301505	-0.025837155	-1.5640259e-08	-0.009463841	8.568168e-12	-5.479256e-07	0.009867601	-0.0039389366	5.731898e-06	-2.0023824e-06	0	0	79.0	0.67416906	0.006933755	135000	12725.943704605103
27	0.9298246	0.3433401	1.0	-1.0	0.0	0.0	0.0	0.0	43.464912	0.0	0.0	0.79658705	0.11553087	1.1271939	0.4620637	0.000115207586	0.0026960159	0.023723517	-0.04332063	-9.2744825e-09	-0.00882281	-1.937151e-11	-7.331006e-06	0.059970405	-0.014091589	7.4256286e-06	-1.8213796e-06	0	0	79.0	0.6632628	0.00623862	140000	13192.73939704895
28	0.95614034	0.24388486	1.0	-1.0	0.0	0.0	0.0	0.0	43.701756	0.0	0.0	0.75735724	0.17073277	1.1218307	-0.2423437	2.0557689e-05	0.0022570032	0.025858892	-0.014946311	-5.722046e-10	-0.006942692	-1.4901161e-12	2.1031037e-06	0.036085185	-0.006894376	5.0128206e-06	-8.7947774e-07	0	0	79.0	0.6330527	0.0045146374	145000	13655.17942905426
29	0.95726496	0.27403793	1.0	-1.0	0.0	0.0	0.0	0.0	42.60684	0.0	0.0	0.77339697	0.14634697	1.1879783	0.15677273	0.00018322458	0.0025149311	0.0204577	-0.030252637	-7.867813e-09	-0.0065664225	-3.082678e-11	1.9062365e-06	0.041916315	-0.0053026974	5.678161e-06	-9.927803e-07	0	0	79.0	0.6388918	0.0074341292	150000	14117.335622310638
30	0.9145299	0.3828068	1.0	-1.0	0.0	0.0	0.0	0.0	42.367523	0.0	0.0	0.7747049	0.14995664	1.1259965	-0.028259067	-0.00016894564	0.0022159053	0.015284853	-0.019198138	-1.335144e-09	-0.012400183	1.4901161e-12	3.327874e-06	0.08783777	-0.016176425	5.0682443e-06	0.0006854586	0	0	79.0	0.61430526	0.008452896	155000	14580.16572022438
31	0.9661017	0.22293131	1.0	-1.0	0.0	0.0	0.0	0.0	42.135593	0.0	0.0	0.7194486	0.20124066	1.2128494	-0.109751694	-0.02597298	0.00395383	-0.0046680346	-0.03915008	-9.918213e-09	-0.0083321305	-5.066395e-10	1.1654517e-05	0.036512338	-0.016563265	0.0006590225	-0.00064575253	0	0	79.0	0.5946877	0.0066159973	160000	15045.849073410034
32	0.92241377	0.35112777	1.0	-1.0	0.0	0.0	0.0	0.0	42.87931	0.0	0.0	0.7746548	0.14004943	1.0828043	-0.3738923	-0.0010620652	0.002802657	0.014080452	-0.02926188	1.5258789e-09	-0.00972228	-7.636845e-12	3.7989619e-06	0.066715285	-0.012601331	9.821371e-06	0.0002020339	0	0	79.0	0.6088042	0.0068540177	165000	15513.548746824265
33	0.9396552	0.30197036	1.0	-1.0	0.0	0.0	0.0	0.0	43.060345	0.0	0.0	0.761254	0.16683953	1.292621	0.07682838	0.014186309	0.002813051	0.026126232	-0.00323421	-6.7710877e-09	-0.0069285687	7.472932e-10	5.8979464e-07	0.05422053	-0.013925843	0.0002036852	-0.00019789497	0	0	79.0	0.5824208	0.0053816107	170000	15976.339599370956
34	0.86440676	0.48564568	1.0	-1.0	0.0	0.0	0.0	0.0	42.288136	0.0	0.0	0.7403617	0.17641293	1.1906958	-0.16191807	0.00066049537	0.002485896	0.016705781	-0.03422202	-5.102158e-09	-0.010603381	-5.9604643e-12	4.2609245e-06	0.12925005	-0.034096934	6.9872813e-06	1.2933742e-07	0	0	79.0	0.5944105	0.007808066	175000	16440.06439447403
35	0.8956522	0.40376303	1.0	-1.0	0.0	0.0	0.0	0.0	43.36522	0.0	0.0	0.68288755	0.27346182	1.2617931	-1.7638999	-0.0016031543	0.0020305165	0.012163287	-0.013921816	4.005432e-09	-0.008433676	-7.897615e-11	8.1306393e-07	0.15033537	-0.045511127	6.847443e-06	-2.4771048e-06	0	0	79.0	0.61398137	0.005910631	180000	16902.468281030655
36	0.97540987	0.2009451	1.0	-1.0	0.0	0.0	0.0	0.0	40.918034	0.0	0.0	0.73627937	0.19696623	1.1313072	-0.42193896	0.0007973797	0.0019083876	0.011414109	-0.01439287	6.2942505e-09	-0.008989136	-3.054738e-11	1.7329626e-06	0.035420276	-0.020562515	4.2758843e-06	-1.3915592e-06	0	0	79.0	0.5991658	0.006316404	185000	17363.204916715622
37	0.96666664	0.2560382	1.0	-1.0	0.0	0.0	0.0	0.0	41.516666	0.0	0.0	0.7898971	0.152127	1.163097	-0.733307	3.7258622e-05	0.001776476	0.022535287	-0.008618735	9.727478e-09	-0.009432995	8.568168e-12	3.3641942e-07	0.038571503	-0.010265045	3.2034823e-06	-4.116e-07	0	0	79.0	0.59418446	0.008579038	190000	17824.145215511322
38	0.9758065	0.15364966	1.0	0.0	0.0	0.0	0.0	0.0	40.282257	0.0	0.0	0.7997912	0.17956254	1.1601574	-0.641973	0.00010807095	0.0016903023	0.009022819	-0.009515669	-4.196167e-09	-0.007858594	1.4901161e-12	-3.1455447e-06	0.021161761	-0.012738574	3.4073382e-06	-7.556646e-07	0	0	79.0	0.58839065	0.0048267413	195000	18285.00758576393
39	0.9145299	0.35978746	1.0	-1.0	0.0	0.0	0.0	0.0	42.62393	0.0	0.0	0.7942532	0.16532134	1.1650895	-1.3834271	1.7355596e-05	0.0020737504	0.046696108	-0.020167552	-7.343292e-09	-0.010722052	1.5646219e-11	-4.9325204e-06	0.0755832	-0.03540742	4.6010987e-06	-1.0865492e-06	0	0	79.0	0.5780162	0.009812362	200000	18745.066667556763
40	0.84347826	0.52072364	1.0	-1.0	0.0	0.0	0.0	0.0	43.27826	0.0	0.0	0.72583693	0.2095858	1.1994692	-0.63237435	4.511796e-05	0.0018775318	0.015314847	-0.011557346	-2.0217895e-08	-0.0054496047	5.2154062e-12	-5.205496e-06	0.14608051	-0.043567836	3.555701e-06	-6.8600093e-07	0	0	4.0	0.5838341	0.00949256	205000	19206.576189041138
41	0.8974359	0.4213251	1.0	-1.0	0.0	0.0	0.0	0.0	42.589745	0.0	0.0	0.7046504	0.25008127	1.2078013	-0.9693158	-4.6828627e-05	0.0016916048	0.0072574746	-0.014121844	-1.4305115e-09	-0.007576018	2.272427e-11	4.890319e-07	0.10382476	-0.02321358	3.009737e-06	1.8187577e-05	0	0	79.0	0.5771735	0.005443633	210000	19667.083828926086
42	0.91056913	0.3827188	1.0	-1.0	0.0	0.0	0.0	0.0	40.593494	0.0	0.0	0.7495004	0.25725824	1.4323049	-1.0701336	-0.004119722	0.0017973186	0.008980061	-0.01677468	-6.5803527e-09	-0.0103421165	1.1529774e-10	6.1176405e-07	0.065424815	-0.012076806	2.1534515e-05	-1.882352e-05	0	0	79.0	0.57754093	0.004636511	215000	20126.796403169632
43	0.94827586	0.31744742	1.0	-1.0	0.0	0.0	0.0	0.0	43.017242	0.0	0.0	0.7432565	0.22136615	1.1551927	-1.1368965	0.0003070339	0.0019223066	0.016561024	-0.027928408	-1.9073486e-10	-0.0088150855	-1.1920929e-11	-1.4407024e-06	0.0780694	-0.02608855	3.807009e-06	-9.974369e-07	0	0	79.0	0.5691245	0.005573935	220000	20588.831038951874
44	0.9035088	0.39668137	1.0	-1.0	0.0	0.0	0.0	0.0	43.5	0.0	0.0	0.77734953	0.16037115	1.2834246	0.08600363	-8.766464e-05	0.0017821083	0.008627947	-0.026151942	-2.670288e-09	-0.0114964675	2.7939677e-12	-2.4528276e-06	0.107865945	-0.050528377	4.0986697e-06	1.7508996e-06	0	0	79.0	0.54546475	0.010565547	225000	21052.917289972305
45	0.9557522	0.27872595	1.0	-1.0	0.0	0.0	0.0	0.0	44.02655	0.0	0.0	0.7747417	0.20529096	1.359053	-0.68431944	-0.0015248168	0.0017255788	0.015305915	-0.022945248	-2.861023e-09	-0.008465642	4.0233136e-11	2.8230156e-06	0.07792547	-0.037129316	5.3034e-06	-2.817238e-06	0	0	79.0	0.5906092	0.006855932	230000	21516.624190330505
46	0.94827586	0.2574687	1.0	-1.0	0.0	0.0	0.0	0.0	43.103447	0.0	0.0	0.75922734	0.16950658	1.107741	0.033317514	-0.00010206115	0.0016121092	0.01051439	-0.0071932375	-2.0980835e-09	-0.009703415	5.7742e-12	1.5407346e-06	0.034224644	-0.021738758	2.562052e-06	-3.7804398e-07	0	0	70.0	0.56437296	0.013593906	235000	21978.072383880615
47	0.95652175	0.24285635	1.0	-1.0	0.0	0.0	0.0	0.0	43.2	0.0	0.0	0.7748345	0.16539226	1.1581821	-0.65159214	1.674836e-05	0.002015893	0.023453612	-0.025620801	6.5803527e-09	-0.0070567126	-3.7252902e-13	-2.1406743e-06	0.031593155	-0.0087437555	4.1238504e-06	-1.2950916e-06	0	0	79.0	0.5654836	0.005221617	240000	22441.484144449234
48	0.9836066	0.18032785	1.0	-1.0	0.0	0.0	0.0	0.0	40.836067	0.0	0.0	0.7931479	0.1510647	1.3336306	-0.07736663	3.7772403e-05	0.0015612798	0.03187066	-0.014530256	-3.4332275e-09	-0.0102296965	8.195639e-12	-2.9043778e-07	0.028355267	-0.0096090995	2.4477574e-06	-4.9510186e-07	0	0	79.0	0.5679798	0.0077636475	245000	22903.118592500687
49	0.92436975	0.34688687	1.0	-1.0	0.0	0.0	0.0	0.0	41.7479	0.0	0.0	0.7885738	0.12685837	1.1657298	0.12967944	1.9492185e-05	0.0017183743	0.01095373	-0.018671777	2.2602082e-08	-0.010528433	-1.6018749e-11	-4.1202807e-07	0.06522767	-0.019359678	3.0274932e-06	-5.1218854e-07	0	0	79.0	0.5727111	0.010260274	250000	23364.17947793007
50	0.90983605	0.3841981	1.0	-1.0	0.0	0.0	0.0	0.0	40.942623	0.0	0.0	0.76811177	0.17970307	1.304619	-0.43778142	0.00010863788	0.0015275034	0.01942918	-0.007303659	9.250641e-09	-0.009517605	-6.239861e-12	1.8162292e-06	0.06683394	-0.00895096	2.2899287e-06	8.040599e-05	0	0	79.0	0.57701373	0.0057473904	255000	23826.167882680893
51	0.89830506	0.4196413	1.0	-1.0	0.0	0.0	0.0	0.0	42.0	0.0	0.0	0.72645354	0.2410758	1.7325552	-0.94653934	-0.008795155	0.0022742	0.010552421	-0.017911483	4.673004e-09	-0.01051651	1.4863909e-10	-2.6517187e-06	0.08938243	-0.025011554	8.077582e-05	-7.783818e-05	0	0	79.0	0.5746656	0.009471161	260000	24289.34179663658
52	0.9159664	0.401255	1.0	-1.0	0.0	0.0	0.0	0.0	41.764706	0.0	0.0	0.72132117	0.23206894	1.6651049	-0.6715891	-0.00032869857	0.0020644597	0.011474153	-0.03226308	-7.6293943e-10	-0.010776441	2.0861625e-11	1.0594414e-05	0.0871814	-0.024987109	4.3825844e-06	-1.6981603e-06	0	0	79.0	0.6050077	0.006106211	265000	24752.06085062027
53	0.95	0.28431204	1.0	-1.0	0.0	0.0	0.0	0.0	41.275	0.0	0.0	0.77699876	0.18862839	1.3149526	-0.567364	1.4120433e-05	0.0016655172	0.012774102	-0.008596819	-1.0871887e-08	-0.009490071	2.2351743e-12	-2.4666354e-06	0.041691765	-0.025566265	2.6061891e-06	7.679539e-07	0	0	79.0	0.5541794	0.0057246885	270000	25218.13024997711
54	0.94166666	0.32392982	1.0	-1.0	0.0	0.0	0.0	0.0	41.666668	0.0	0.0	0.7771986	0.19489068	1.1683638	-0.5797542	-0.0009314108	0.0015829048	0.013462264	-0.013300631	2.7179718e-09	-0.011403958	8.940697e-12	-4.4356287e-07	0.076404236	-0.02638182	3.482546e-06	-1.3702665e-06	0	0	67.0	0.52668065	0.012058641	275000	25680.169232606888
55	0.92622954	0.3427955	1.0	-1.0	0.0	0.0	0.0	0.0	40.860657	0.0	0.0	0.76685774	0.17900448	1.5906284	-0.60834795	1.8562705e-05	0.0014830901	0.010496301	-0.012715205	1.7738342e-08	-0.01088342	3.7252905e-12	-4.275486e-07	0.08303581	-0.030309133	2.378649e-06	-4.0873942e-07	0	0	79.0	0.6000172	0.010642784	280000	26141.60180401802
56	0.9836066	0.18032786	1.0	-1.0	0.0	0.0	0.0	0.0	40.934425	0.0	0.0	0.77137595	0.15620305	1.3483217	-0.5087187	0.00023721438	0.0017281155	0.03643615	-0.008706719	5.1498414e-09	-0.008607658	-6.7055224e-12	-1.0501644e-05	0.035393927	-0.015643708	3.0472738e-06	-1.0318229e-06	0	0	79.0	0.57764053	0.0048680925	285000	26603.55309319496
57	0.9747899	0.20342387	1.0	-1.0	0.0	0.0	0.0	0.0	41.97479	0.0	0.0	0.79886955	0.1406129	1.2196512	0.30040628	-0.0002203486	0.0015501906	0.029933508	-0.023760412	-1.783371e-08	-0.010281442	1.3783574e-11	-5.493662e-06	0.025027337	-0.0044563897	2.4776225e-06	-3.9501288e-07	0	0	79.0	0.5836099	0.0062656333	290000	27065.701073884964
58	0.90697676	0.42118073	1.0	-1.0	0.0	0.0	0.0	0.0	38.488373	0.0	0.0	0.78785837	0.15038247	1.18553	-0.26373512	0.000109747336	0.0015428534	0.013588274	-0.018997159	-9.441376e-09	-0.010922518	1.04308125e-11	-3.4639809e-06	0.11350071	-0.041888326	2.3933374e-06	8.1464805e-08	0	0	79.0	0.572021	0.007673178	295000	27527.335701942444
59	0.93700784	0.32598805	1.0	-1.0	0.0	0.0	0.0	0.0	39.157482	0.0	0.0	0.72194725	0.29680395	1.4038622	-1.1092294	0.00060415623	0.0016904846	0.042593997	-0.00851144	1.7929077e-08	-0.008394806	-6.146729e-12	-1.657161e-06	0.10340095	-0.055463653	3.2203295e-06	-1.1134439e-06	0	0	79.0	0.5448925	0.005712048	300000	27990.828543663025
60	0.912	0.37981045	1.0	-1.0	0.0	0.0	0.0	0.0	39.752	0.0	0.0	0.75406224	0.20344351	1.3866571	-0.68034077	0.00020570822	0.0015122123	0.009154627	-0.013938282	-8.106232e-09	-0.0085089775	9.313226e-13	-3.0965386e-06	0.06815278	-0.021902822	2.441301e-06	-6.0415834e-07	0	0	79.0	0.54370886	0.00404381	305000	28454.342048168182
61	0.9166667	0.37822688	1.0	-1.0	0.0	0.0	0.0	0.0	41.458332	0.0	0.0	0.762529	0.18602853	1.1547145	-0.71252424	6.391723e-05	0.0014305597	0.011421	-0.010557473	1.2588501e-08	-0.009262485	1.04308125e-11	2.0516518e-06	0.06828623	-0.02265853	2.143541e-06	1.0853182e-06	0	0	79.0	0.5551377	0.003880706	310000	28918.306345939636
62	0.90833336	0.40816322	1.0	-1.0	0.0	0.0	0.0	0.0	41.4	0.0	0.0	0.7184617	0.25772786	1.2685939	-1.3054368	-0.0013647354	0.0014051689	0.0053598788	-0.00823996	8.010864e-09	-0.010524159	-2.6449561e-11	-1.3856286e-06	0.07158221	-0.025995728	3.6885779e-06	-1.9806087e-06	0	0	79.0	0.57170284	0.0054377816	315000	29380.600326538086
63	0.9516129	0.24934879	1.0	-1.0	0.0	0.0	0.0	0.0	40.314518	0.0	0.0	0.74701446	0.29352123	1.3183109	-1.9661491	9.426799e-05	0.0014456325	0.0095963385	-0.012407775	-3.6239625e-09	-0.008558758	-5.2154062e-12	2.6737764e-06	0.10802224	-0.04335577	3.6166518e-06	-8.871896e-07	0	0	79.0	0.5490156	0.005789794	320000	29842.430074214935
64	0.92741936	0.3630824	1.0	-1.0	0.0	0.0	0.0	0.0	39.98387	0.0	0.0	0.74884826	0.21118179	1.1600435	-0.97952527	-0.0002593792	0.0016224023	0.009263191	-0.024665926	4.863739e-09	-0.011263228	1.4901162e-11	3.492862e-07	0.08331361	-0.019205734	3.0874676e-06	-5.8410797e-07	0	0	79.0	0.53906626	0.0076353913	325000	30304.09147286415
65	0.93495935	0.35475487	1.0	-1.0	0.0	0.0	0.0	0.0	40.536587	0.0	0.0	0.74393827	0.22749066	1.119181	-2.296731	-0.000141838	0.0012432599	0.008749622	-0.021907374	1.5449524e-08	-0.00940342	1.8626451e-11	-4.5907805e-06	0.093627	-0.048813455	1.5632037e-06	5.1626296e-07	0	0	79.0	0.5207484	0.008071391	330000	30763.69853067398
66	0.9834711	0.12749793	1.0	0.0	0.0	0.0	0.0	0.0	41.115704	0.0	0.0	0.75296336	0.2282273	1.2424053	-1.5804589	0.00100578	0.0012733744	0.018525738	-0.01102562	1.1444092e-09	-0.008430599	-1.8253923e-11	-2.397017e-06	0.035528816	-0.029997732	4.2837337e-06	-1.8457577e-06	0	0	79.0	0.526526	0.0057111005	335000	31224.65348291397
67	0.984375	0.1760848	1.0	-1.0	0.0	0.0	0.0	0.0	38.90625	0.0	0.0	0.79656893	0.16483879	1.2471812	-0.7732615	0.00032563484	0.0016086183	0.0142025	-0.017219966	1.1444092e-09	-0.009324562	4.4703486e-12	-7.940591e-07	0.017053528	-0.005604933	2.6936855e-06	3.6442823e-05	0	0	79.0	0.5222976	0.005501387	340000	31687.96092557907
68	0.9516129	0.27982825	1.0	-1.0	0.0	0.0	0.0	0.0	39.967743	0.0	0.0	0.79874736	0.14617108	1.1281873	-0.832888	-0.0060149953	0.001345906	0.0025918004	-0.01531872	5.5789946e-09	-0.009824055	-1.6503036e-10	2.2220574e-07	0.04258843	-0.015219981	3.7361653e-05	-3.4095494e-05	0	0	79.0	0.53348225	0.0059778956	345000	32150.84745144844
69	0.9541985	0.29917434	1.0	-1.0	0.0	0.0	0.0	0.0	37.931297	0.0	0.0	0.7971816	0.19609565	1.6429704	-1.0902189	-0.0014026607	0.0012665533	0.020750746	-0.008839955	4.1484833e-09	-0.011445432	-1.0430813e-10	6.2708926e-07	0.05495066	-0.013311859	3.7803106e-06	-1.3143326e-06	0	0	79.0	0.5168573	0.0074494444	350000	32613.551880836487
70	0.992	0.089084245	1.0	0.0	0.0	0.0	0.0	0.0	39.84	0.0	0.0	0.7977299	0.13298559	1.3171941	-0.5165324	-0.00091841153	0.0011493543	0.008264925	-0.0060225953	1.1444092e-09	-0.008149598	-1.1222437e-11	3.871636e-06	0.0066988985	-0.004248838	2.135859e-06	-1.1194844e-06	0	0	79.0	0.51492035	0.0062128836	355000	33075.41207575798
71	0.9516129	0.30729935	1.0	-1.0	0.0	0.0	0.0	0.0	39.975807	0.0	0.0	0.8123912	0.11118151	1.2146543	0.30294433	-6.9471396e-05	0.001198971	0.010712056	-0.011832045	4.3392183e-09	-0.010388131	9.685755e-12	-1.5009792e-07	0.06255545	-0.028042607	1.441673e-06	-3.0591173e-07	0	0	79.0	0.53521496	0.00926337	360000	33536.75354886055
