Epoch	AverageEpRet	StdEpRet	MaxEpRet	MinEpRet	AverageEpCost	StdEpCost	MaxEpCost	MinEpCost	EpLen	CumulativeCost	CostRate	AverageVVals	StdVVals	MaxVVals	MinVVals	AverageCostVVals	StdCostVVals	MaxCostVVals	MinCostVVals	LossPi	DeltaLossPi	SurrCost	DeltaSurrCost	LossV	DeltaLossV	LossVC	DeltaLossVC	Penalty	DeltaPenalty	StopIter	Entropy	KL	TotalEnvInteracts	Time
0	-1.3110701	0.8642698	-0.3	-5.0	0.55719554	0.49671787	1.0	0.0	18.387453	151.0	0.0302	0.119144924	0.29617313	0.8102337	-0.5606724	0.418895	0.12344641	0.7598453	0.09469474	-4.4562602e-09	-0.0019463053	-1.8119812e-09	-0.00447474	1.3577328	-0.9313836	0.258167	-0.09662977	10.0	2.0009518	4.0	1.0846112	0.023161171	5000	386.29937195777893
1	-2.2280703	1.7244124	-0.3	-7.9	0.3859649	0.48682237	1.0	0.0	29.099415	217.0	0.0217	-0.72779346	0.49611342	0.7060182	-2.011989	0.30322456	0.22952923	1.138067	-0.19056575	5.1277778e-09	-0.0014595827	4.36306e-09	-0.004574961	1.4341859	-0.53353316	0.12773605	-0.029396214	12.000952	1.6576166	5.0	1.0896728	0.018011384	10000	802.3696217536926
2	-3.848649	3.0591133	-0.4	-10.0	0.3153153	0.46464136	1.0	0.0	45.027027	252.0	0.0168	-1.1824282	0.8732389	1.3788886	-3.6919239	0.124854654	0.17948037	1.1105683	-0.10679709	2.0615876e-09	-0.0021862239	2.4080276e-09	-0.0047706617	3.3105266	-1.2273364	0.072213285	-0.009796962	13.658568	1.4629936	5.0	1.0648596	0.020422969	15000	1212.6546277999878
3	-5.291463	3.049998	-0.4	-10.0	0.20731707	0.40538466	1.0	0.0	60.42683	269.0	0.01345	-2.367444	1.3419849	1.4066808	-6.0283303	0.07667495	0.11672997	0.59802085	-0.09490802	-1.7530827e-10	-0.00037686646	2.861023e-10	-0.0021120454	2.164379	-0.29020607	0.042644896	-0.004335407	15.121562	1.124856	7.0	1.0218829	0.016859155	20000	1620.388720035553
4	-6.418841	2.7793376	-0.6	-10.0	0.057971016	0.23368864	1.0	0.0	72.159424	273.0	0.01092	-2.6837807	1.482115	1.1125932	-6.2986717	0.05240005	0.08903099	0.7142992	-0.12251213	1.5144552e-09	-0.00074961083	-4.7683715e-11	-0.00022534869	2.0199187	-0.25260007	0.018939335	-0.0074361805	16.246418	0.45341682	79.0	0.9554503	0.005703085	25000	2029.3252069950104
5	-5.906849	2.468116	-0.9	-10.0	0.05479452	0.22757874	1.0	0.0	67.9589	277.0	0.009233333333333333	-2.823679	1.5403303	3.328146	-6.551807	0.022237564	0.03760391	0.38216645	-0.05551397	1.5840338e-09	-0.00050862704	1.7702579e-09	0.0001606851	1.5562257	-0.20711374	0.020813897	-0.002182398	16.699835	0.29107285	9.0	0.9464934	0.014755914	30000	2438.7964584827423
6	-4.4847827	2.5779557	-0.3	-10.0	0.13043478	0.33678117	1.0	0.0	54.054348	289.0	0.008257142857142857	-2.660325	1.6041269	2.4856677	-6.421409	0.027348455	0.032268565	0.17110494	-0.13611071	3.09125e-10	-0.0006283416	-6.9141387e-10	0.00048172587	1.5098784	-0.49058998	0.032340664	-0.0046454743	16.990908	0.71980476	8.0	0.9714414	0.016474865	35000	2853.2667083740234
7	-3.9134614	2.3694797	-0.3	-10.0	0.17307693	0.37831375	1.0	0.0	47.701923	307.0	0.007675	-2.306	1.4463663	2.2833574	-5.7272573	0.06269905	0.07821466	0.42932245	-0.15525031	1.7057782e-09	-0.00092566793	1.2636184e-09	-0.0019861658	1.4503186	-0.42778766	0.051157586	-0.0070171505	17.710712	1.1290264	13.0	1.0039654	0.016851025	40000	3263.8377425670624
8	-4.916471	2.416553	-0.4	-10.0	0.08235294	0.2749017	1.0	0.0	58.482353	314.0	0.006977777777777778	-1.7541932	1.425779	2.075692	-5.2886653	0.053565186	0.08099776	0.50664806	-0.131683	2.9381493e-09	-0.0004595561	1.0490417e-09	-0.00021189012	1.0916715	-0.2020495	0.022500185	-0.005156575	18.839739	0.7173023	18.0	0.936523	0.0137461545	45000	3680.8120486736298
9	-3.6697247	2.0305243	-0.4	-10.0	0.19266056	0.39438874	1.0	0.0	45.678898	335.0	0.0067	-2.1750698	1.5219675	3.1694908	-5.5312114	0.03427369	0.057762746	0.39186743	-0.19498633	9.0728265e-11	-0.0013322061	9.536743e-11	-0.0026314107	1.2030535	-0.4230311	0.05975287	-0.0085852	19.557041	1.2947464	7.0	0.93857664	0.019209709	50000	4136.948240280151
10	-4.260638	2.403686	-0.3	-10.0	0.07446808	0.26253113	1.0	0.0	52.31915	342.0	0.006218181818181818	-1.6107159	1.3910284	1.9909611	-5.007767	0.06972964	0.08611387	0.58550924	-0.121861525	-9.556966e-10	-2.4234934e-05	-3.33786e-10	-0.0010019768	1.1000569	-0.20637506	0.028380668	-0.005055262	20.851788	0.76559067	7.0	0.9128493	0.01412092	55000	4593.587840795517
11	-5.0654764	2.3979402	-0.6	-10.0	0.16666667	0.372678	1.0	0.0	59.42857	356.0	0.005933333333333333	-1.9311086	1.4704604	1.3738823	-5.985221	0.028784992	0.056538217	0.27762705	-0.14884894	-2.35852e-09	-0.00038485733	-1.9073487e-09	-0.0010685177	0.9255986	-0.15034884	0.052453347	-0.009096857	21.617378	1.212738	11.0	0.87225467	0.013936019	60000	5047.782181024551
12	-5.8337836	2.6787086	-0.7	-10.0	0.08108108	0.2729596	1.0	0.0	66.95946	362.0	0.005569230769230769	-2.1575115	1.5779506	1.8926	-6.3136034	0.06750459	0.097733304	0.5502726	-0.11589638	-5.0304795e-11	-0.00040522544	-1.013279e-09	-0.0010437644	1.3369538	-0.3099079	0.029614547	-0.0064472463	22.830116	0.8240261	11.0	0.8196748	0.0145212095	65000	5500.362167596817
13	-6.212857	2.4120486	-1.0	-10.0	0.071428575	0.2575394	1.0	0.0	70.457146	367.0	0.005242857142857143	-2.296093	1.7048928	1.4771744	-6.87414	0.05746792	0.10578804	0.46174952	-0.27197766	-2.9529998e-10	-0.0004839742	3.695488e-10	-0.0009357	1.270385	-0.22523642	0.02355326	-0.003683621	23.654142	0.61468315	16.0	0.8429617	0.013292955	70000	5950.136862516403
14	-6.320588	2.3005474	-1.3	-10.0	0.029411765	0.16895773	1.0	0.0	72.588234	369.0	0.00492	-2.694293	1.7118434	1.4509771	-7.1858606	0.037282716	0.07186272	0.46196568	-0.1270228	1.0995661e-09	-0.0002968014	4.768372e-10	-7.944285e-05	1.573925	-0.18638289	0.011659794	-0.0026067235	24.268826	0.28817368	13.0	0.72861093	0.011834332	75000	6401.104605436325
15	-6.109859	2.5845237	-0.8	-10.0	0.014084507	0.11783943	1.0	0.0	70.08451	370.0	0.004625	-2.8509324	1.689994	2.2570448	-7.996457	0.018000826	0.05537797	0.3616579	-0.19485985	2.0428496e-10	-0.0003095173	-8.6426734e-11	-5.6825007e-05	1.6922818	-0.2621106	0.009193518	-0.0019853013	24.557	0.07273674	79.0	0.69922394	0.006481541	80000	6855.735125303268
16	-5.6276307	2.1894243	-1.2	-10.0	0.065789476	0.24791373	1.0	0.0	65.39474	375.0	0.004411764705882353	-2.73193	1.6469984	1.4331373	-6.3931165	0.018807638	0.0370055	0.2851705	-0.102029786	1.0058549e-10	-0.0005627714	-2.9802322e-10	-0.0006138006	1.4724778	-0.18485343	0.02382716	-0.0025942307	24.629736	0.4839077	49.0	0.7138383	0.012253694	85000	7309.322718858719
17	-6.0208335	2.428645	-1.3	-10.0	0.055555556	0.22906144	1.0	0.0	68.763885	379.0	0.004211111111111111	-2.6256661	1.67327	2.8729086	-7.7040677	0.030331634	0.07236947	0.6892751	-0.13867326	2.8933927e-10	-0.00030739073	1.9073486e-10	-0.00024548618	1.7928789	-0.110170245	0.019090403	-0.0027361326	25.113644	0.5401859	11.0	0.7485315	0.013333701	90000	7759.966769695282
18	-5.5618424	2.5400977	-0.4	-10.0	0.02631579	0.1600727	1.0	0.0	65.02631	381.0	0.004010526315789474	-2.888935	1.7190938	2.2645822	-8.113907	0.019901196	0.06380676	0.81946886	-0.1262211	-7.0484885e-10	-0.00025342443	-3.4570694e-10	-6.7372115e-05	2.0739136	-0.28840947	0.014032732	-0.0013135122	25.65383	0.26760292	9.0	0.7905576	0.013190372	95000	8209.659390449524
19	-4.9058137	2.6067154	-0.3	-10.0	0.08139535	0.27344128	1.0	0.0	58.139534	388.0	0.00388	-2.5944483	1.564837	1.9365314	-6.320974	0.03271183	0.05546828	0.46900165	-0.112567306	-2.1454194e-10	-0.0009756756	-2.2649765e-10	-0.0012148989	1.4565535	-0.21432841	0.023523312	-0.0034270138	25.921432	0.72356987	79.0	0.81137764	0.0118798185	100000	8667.676495552063
20	-4.9270587	2.4293494	-0.7	-10.0	0.09411765	0.29199234	1.0	0.0	58.32941	396.0	0.0037714285714285714	-2.2291646	1.6506222	1.6969415	-6.6074357	0.035300188	0.07186146	0.6115071	-0.15184757	-1.0709087e-09	-0.0003782703	-1.0251999e-09	-0.0010421481	1.4143668	-0.22700644	0.025955753	-0.0024475008	26.645002	1.0174294	9.0	0.79600966	0.017402416	105000	9123.903674602509
21	-5.330379	2.4821568	-0.6	-10.0	0.012658228	0.11179443	1.0	0.0	63.050632	397.0	0.003609090909090909	-2.228164	1.6045879	2.1514382	-6.9758906	0.020843357	0.08486966	0.94192666	-0.17787132	4.839687e-10	-0.00069273595	1.001358e-09	-0.0006511634	1.1850008	-0.16967046	0.0062014135	-0.0033322359	27.662432	0.26314163	79.0	0.79275674	0.011290708	110000	9577.495612621307
22	-5.162195	2.5433624	-0.6	-10.0	0.048780486	0.2154088	1.0	0.0	60.878048	401.0	0.0034869565217391305	-2.2963598	1.6945622	2.6157439	-8.157917	0.017082816	0.049164843	0.455177	-0.083260804	-3.3828315e-10	-0.0006026521	4.529953e-10	-0.0007209637	1.3862724	-0.1575824	0.019613532	-0.0020000096	27.925573	0.41716957	57.0	0.7594064	0.012164321	115000	10034.303330659866
23	-5.4896107	2.7005334	-0.5	-10.0	0.038961038	0.19350213	1.0	0.0	63.896103	404.0	0.0033666666666666667	-2.4840527	1.679657	3.944163	-6.727261	0.022369433	0.05244827	0.45836747	-0.1629169	-2.1731882e-11	-0.00068930106	6.437302e-10	-0.00085345225	1.957671	-0.23439991	0.017268835	-0.0025624959	28.342743	0.4291706	40.0	0.7494677	0.012468644	120000	10486.555622816086
24	-5.5105267	2.355541	-0.5	-10.0	0.02631579	0.1600727	1.0	0.0	64.947365	406.0	0.003248	-2.5553238	1.7442464	3.11752	-7.25324	0.024188856	0.06036388	0.4563649	-0.17866406	-1.2375007e-09	-0.0001674094	-9.357929e-10	-0.00016663453	1.3730232	-0.268229	0.010239339	-0.0010812916	28.771914	0.2721634	7.0	0.8012929	0.01717421	125000	10941.739604711533
25	-5.349383	2.5630383	-0.4	-10.0	0.17283951	0.37810847	1.0	0.0	61.098766	420.0	0.0032307692307692306	-2.5841424	1.6691027	2.015617	-5.8224206	0.01760625	0.045948252	0.2567778	-0.12481784	3.6173342e-09	-0.0014292462	3.4332275e-09	-0.0020446926	1.6650856	-0.15369558	0.05562103	-0.021681126	29.044077	1.8697834	5.0	0.8094642	0.02653946	130000	11394.656894922256
26	-5.6052628	2.1682453	-1.1	-10.0	0.039473683	0.19471906	1.0	0.0	65.75	423.0	0.0031333333333333335	-2.421329	1.6674066	2.1796567	-6.773195	0.04301165	0.104732275	0.90656954	-0.16068414	-5.05998e-10	9.8697936e-05	-1.9073486e-10	-0.00044516046	1.1395174	-0.13095212	0.01827055	-0.00613287	30.91386	0.8452053	4.0	0.82314855	0.016824098	135000	11851.584145784378
27	-5.810959	2.3451238	-0.8	-10.0	0.04109589	0.19851202	1.0	0.0	67.60274	426.0	0.0030428571428571427	-2.4496315	1.6903915	2.6119747	-7.4307556	0.021638019	0.06579544	0.67209077	-0.095707275	6.642136e-10	-0.00064169616	5.304813e-10	-0.000642929	1.3776336	-0.18930995	0.017878067	-0.00095732696	31.759066	0.46432304	79.0	0.77797717	0.007267247	140000	12311.105402231216
28	-5.904109	2.3089724	-1.5	-10.0	0.02739726	0.16323802	1.0	0.0	68.08219	428.0	0.0029517241379310344	-2.500487	1.6668367	3.0002935	-6.0638084	0.029428894	0.05800232	0.58069366	-0.10793416	6.1247163e-10	-0.00066930504	5.841255e-10	-0.0007007565	1.5400084	-0.23696959	0.01068207	-0.0023061642	32.22339	0.31149673	53.0	0.7800252	0.012241072	145000	12761.516966104507
29	-5.7810807	2.3803632	-1.7	-10.0	0.013513514	0.11545952	1.0	0.0	67.324326	429.0	0.00286	-2.4967709	1.7219733	2.6882126	-6.8757615	0.013321788	0.043595303	0.8055444	-0.086281724	5.0592436e-10	-0.00078427646	1.6093255e-10	-0.000809396	1.2990758	-0.23259282	0.0082953265	-0.000987797	32.534885	0.10242844	71.0	0.72711116	0.012365776	150000	13214.824067354202
30	-5.5671053	2.3218293	-1.2	-10.0	0.013157895	0.11395072	1.0	0.0	65.51316	430.0	0.002774193548387097	-2.545103	1.7293075	3.247793	-7.1420445	0.007921369	0.02659472	0.21478331	-0.10617954	-5.2302607e-10	-0.00043326657	-7.152558e-11	-0.00047093557	0.9486274	-0.23498815	0.006566127	-0.0007941788	32.637314	0.052246094	79.0	0.76806974	0.010584588	155000	13666.404042720795
31	-5.263291	2.394835	-0.4	-10.0	0.03797468	0.19113508	1.0	0.0	62.658226	433.0	0.00270625	-2.2219808	1.6379635	2.1214767	-6.4720993	0.012366385	0.028465828	0.1792302	-0.112188205	4.977982e-10	-0.0005303078	9.477139e-10	-0.0006406479	0.8998461	-0.20897794	0.017373871	-0.0033576265	32.68956	0.37919998	79.0	0.76456326	0.010733678	160000	14120.794821500778
32	-5.5684214	2.1480844	-1.4	-10.0	0.039473683	0.19471905	1.0	0.0	65.52631	436.0	0.0026424242424242426	-2.2534585	1.7456573	2.2131884	-7.293611	0.028098764	0.05911135	0.41414258	-0.0703289	-7.0040973e-10	-0.00080552814	-5.543232e-10	-0.0012508743	0.8536227	-0.23367268	0.01981718	-0.017675957	33.06876	0.49917984	10.0	0.77329695	0.015151182	165000	14571.489314317703
33	-5.42987	2.2206273	-1.2	-10.0	0.0	0.0	0.0	0.0	64.44156	436.0	0.002564705882352941	-2.3874428	1.6774715	1.2701505	-5.6893725	0.0041475073	0.04848531	0.96247536	-0.16032955	-1.8451668e-10	-0.0006414484	-5.364418e-11	-0.0005787757	0.508657	-0.13411239	0.0023971433	-0.0022363137	33.56794	-0.022777557	20.0	0.7632488	0.013301615	170000	15024.317103385925
34	-5.0987654	2.1852193	-1.2	-10.0	0.037037037	0.18885258	1.0	0.0	60.901234	439.0	0.0025085714285714286	-2.0979023	1.6786897	2.8001988	-6.1492767	0.0024698386	0.022810373	0.22411215	-0.2013433	6.2951605e-10	-0.00068412436	9.894371e-10	-0.0010073909	0.6205611	-0.0740754	0.019917356	-0.0026552323	33.545162	0.3453102	25.0	0.75536835	0.013528523	175000	15471.98279261589
35	-5.7662163	2.4243848	-2.1	-10.0	0.013513514	0.115459524	1.0	0.0	67.175674	440.0	0.0024444444444444444	-2.2419698	1.7177626	1.7617416	-6.113383	0.020274276	0.045695953	0.30598152	-0.10559318	-4.391774e-10	-0.0007036528	3.695488e-10	-0.0007938395	0.8420165	-0.10170096	0.00647419	-0.0016023153	33.890472	0.16187668	27.0	0.70878345	0.01280788	180000	15925.871809482574
36	-5.5447373	1.9710666	-0.5	-10.0	0.013157895	0.11395073	1.0	0.0	65.57895	441.0	0.002383783783783784	-2.3029044	1.6838659	1.7824847	-5.9966116	0.0037945488	0.017062066	0.13941899	-0.05869411	1.0487926e-09	-0.0005652636	8.8214874e-10	-0.0007109117	0.61525637	-0.13748655	0.004187069	-0.00093929283	34.05235	0.062374115	59.0	0.696378	0.012544229	185000	16377.933830499649
37	-5.117284	2.3487737	-0.9	-10.0	0.0	0.0	0.0	0.0	61.22222	441.0	0.0023210526315789472	-1.9975063	1.6362805	2.5791361	-6.035104	0.0062557296	0.028294357	0.27068615	-0.056655906	-5.2295973e-10	-0.00026642898	-5.662441e-10	-4.6402016e-05	0.65369487	-0.12794983	0.0008387725	-0.0007447415	34.114723	-0.14943314	79.0	0.73105115	0.007602663	190000	16832.430204868317
38	-5.0975313	2.1566994	-0.8	-10.0	0.0	0.0	0.0	0.0	61.5679	441.0	0.0022615384615384615	-2.2766495	1.724127	1.5076425	-6.039145	3.2793618e-05	0.009699157	0.09217172	-0.08794247	1.0600482e-09	-0.00023526778	7.450581e-12	-8.151917e-06	0.61111933	-0.13387498	0.000102372025	-3.694855e-05	33.96529	-0.21253204	79.0	0.69539934	0.006095565	195000	17285.77973508835
39	-5.394805	2.1879776	-0.8	-10.0	0.0	0.0	0.0	0.0	63.94805	441.0	0.002205	-2.1610708	1.6849772	1.777369	-5.734368	0.0008075224	0.011453954	0.12637338	-0.04980048	3.710468e-10	-0.00025228594	-7.003546e-11	-9.138938e-06	0.5856031	-0.11312112	0.00012315047	-7.1942195e-05	33.752758	-0.2195816	79.0	0.6675831	0.005364423	200000	17741.01837182045
40	-5.1024694	2.3231509	-0.6	-10.0	0.0	0.0	0.0	0.0	61.617283	441.0	0.002151219512195122	-2.2440734	1.7360487	2.0047371	-6.298734	-0.0009870189	0.0066218204	0.03284724	-0.031759497	-1.3129538e-11	-0.00019635745	7.748604e-11	-4.643221e-06	0.46525615	-0.10028306	4.6080684e-05	-1.6541731e-05	33.533176	-0.22216797	79.0	0.6547587	0.004899723	205000	18195.354717969894
41	-5.0548778	2.2440248	-0.5	-10.0	0.0121951215	0.10975609	1.0	0.0	60.743904	442.0	0.002104761904761905	-2.096086	1.6714315	1.1241086	-6.011347	-0.0004119885	0.0069044945	0.06420046	-0.029818771	3.4547584e-10	-0.00026439416	1.66893e-10	-0.00024660164	0.5996765	-0.06963068	0.005198419	-0.000398112	33.31101	-0.013961792	79.0	0.6550937	0.006696698	210000	18650.925206661224
42	-4.75	2.2870083	-0.6	-10.0	0.0	0.0	0.0	0.0	57.73256	442.0	0.002055813953488372	-1.9764199	1.6407776	1.4234726	-6.1759825	0.0049091405	0.018793536	0.1815569	-0.09304214	-1.9073486e-10	-9.0953574e-05	-1.9073486e-10	-1.220423e-06	0.5474132	-0.10117239	0.00038028712	-0.00033023075	33.297047	-0.16282272	5.0	0.6683551	0.011527107	215000	19104.187096118927
43	-4.4163046	2.1922925	-0.6	-10.0	0.032608695	0.17761017	1.0	0.0	54.326088	445.0	0.002022727272727273	-1.9034594	1.6808509	1.4218194	-6.4718237	-7.050154e-05	0.0068180095	0.056068443	-0.028243875	8.0880896e-10	-0.00081409386	8.8214874e-10	-0.00073784066	0.71846867	-0.14933461	0.017164301	-0.006864095	33.134224	0.34744644	26.0	0.674403	0.0130247865	220000	19559.596221923828
44	-4.8458824	2.2865105	-0.8	-10.0	0.0	0.0	0.0	0.0	58.682354	445.0	0.001977777777777778	-2.027374	1.6023234	1.3498663	-6.252447	0.025880808	0.06335555	0.55069387	-0.069394775	-8.2480855e-10	-0.00014377807	-4.6491622e-10	-2.97665e-05	0.5991548	-0.1476632	0.004465277	-0.003131732	33.48167	-0.06832504	5.0	0.6352836	0.010171044	225000	20015.58140563965
45	-4.2	1.9926994	-0.4	-10.0	0.010638298	0.102592036	1.0	0.0	52.765957	446.0	0.0019391304347826086	-1.8777736	1.6737607	1.5076038	-6.0002923	0.002702546	0.011910099	0.10523314	-0.04512328	-1.825317e-11	-0.00040212375	9.536743e-11	-0.00036581996	0.4766731	-0.13366678	0.0022618829	-0.00021591224	33.413345	-0.042289734	79.0	0.6361751	0.007260826	230000	20473.082708120346
46	-4.295699	1.9135574	-0.6	-10.0	0.0	0.0	0.0	0.0	53.72043	446.0	0.0018978723404255318	-1.6489708	1.4962419	1.5498106	-5.0670247	0.0052922415	0.018442256	0.16100253	-0.044147946	-1.0190702e-10	-0.00018852718	-1.5497208e-10	-1.964112e-05	0.42917013	-0.04452312	0.00035472575	-0.00030559057	33.371056	-0.19686508	79.0	0.64015317	0.0048426194	235000	20928.91930603981
47	-4.192553	2.0120509	-0.6	-10.0	0.021276595	0.14430489	1.0	0.0	52.574467	448.0	0.0018666666666666666	-1.7604344	1.5519058	1.388835	-5.4540405	0.0008473226	0.00916269	0.12450023	-0.063621186	-1.460441e-09	-0.0003690722	-1.2457371e-09	-0.00026816287	0.4107435	-0.05426675	0.0156525	-0.002771331	33.17419	0.15410233	79.0	0.6534209	0.006865548	240000	21385.449501037598
48	-4.412088	1.9390626	-0.5	-10.0	0.021978023	0.1466117	1.0	0.0	54.637363	450.0	0.001836734693877551	-1.7909611	1.5634518	1.0282809	-5.309719	0.016508246	0.03544825	0.24807592	-0.10944402	-4.889036e-10	-0.00042184722	-2.861023e-10	-0.0005546035	0.5003738	-0.10199842	0.007239537	-0.0012136176	33.328293	0.3067665	79.0	0.612732	0.0068954956	245000	21846.178879261017
49	-3.9867349	1.8308378	-0.4	-10.0	0.010204081	0.10049856	1.0	0.0	50.642857	451.0	0.001804	-1.6549795	1.4828045	1.5206497	-5.150497	0.01026535	0.035632644	0.28084788	-0.10919815	-2.8371083e-10	-0.00053986296	-6.437302e-10	-0.0005860726	0.5176876	-0.12320322	0.007971723	-0.0015894496	33.63506	0.07279587	36.0	0.61154646	0.012221528	250000	22305.876997232437
50	-4.0214286	1.9674002	-0.5	-10.0	0.010204081	0.10049855	1.0	0.0	50.989796	452.0	0.0017725490196078431	-1.5959902	1.4301418	1.3542979	-5.169438	0.0082631735	0.03413469	0.18419302	-0.10958175	1.634732e-11	-0.00056464213	2.2053719e-10	-0.00063225796	0.43816915	-0.08316675	0.008696266	-0.0018905201	33.707855	0.005290985	64.0	0.62644714	0.012244048	255000	22759.37321305275
51	-4.427778	2.105497	-0.7	-10.0	0.0	0.0	0.0	0.0	55.155556	452.0	0.0017384615384615386	-1.7312107	1.5527656	1.5437136	-5.118995	0.008303789	0.023183841	0.12798026	-0.06388988	-5.185153e-10	-0.00040074775	3.4868716e-10	-0.0003452416	0.4480067	-0.07759747	0.0006262992	-0.0005011561	33.713146	-0.21380997	39.0	0.560445	0.012572203	260000	23215.513334035873
52	-3.9222224	1.682804	-0.3	-8.3	0.0	0.0	0.0	0.0	50.22222	452.0	0.0017056603773584905	-1.6412772	1.5116383	1.6186519	-5.2612147	-0.00052113715	0.010460669	0.056158014	-0.049596496	-2.6151945e-11	-0.00021718518	-6.109476e-11	-2.7116406e-05	0.36835796	-0.100298494	0.00010938037	-5.7277513e-05	33.499336	-0.2925682	79.0	0.58372414	0.0049871276	265000	23671.9080619812
53	-3.7747571	1.8929979	-0.5	-10.0	0.0	0.0	0.0	0.0	48.53398	452.0	0.0016740740740740741	-1.5415615	1.3895285	1.1515237	-4.853209	-0.0021106391	0.009142591	0.054879203	-0.057269998	-2.7554678e-10	-0.00016559772	-8.568168e-11	1.3437175e-06	0.38115317	-0.07599267	8.8109526e-05	-5.156177e-05	33.206768	-0.2992363	79.0	0.5894858	0.003985598	270000	24128.226176261902
54	-4.0193877	2.02049	-0.6	-10.0	0.0	0.0	0.0	0.0	50.857143	452.0	0.0016436363636363636	-1.63433	1.520894	1.2597218	-5.1912856	0.001161445	0.0059092613	0.0434257	-0.03246853	3.979393e-10	-0.000105774016	-1.4901161e-12	3.537597e-06	0.5724925	-0.17192596	3.709364e-05	-1.21644825e-05	32.90753	-0.29226685	4.0	0.59071016	0.0083445525	275000	24584.238518476486
55	-3.9696968	1.8344324	-0.6	-10.0	0.030303031	0.17141983	1.0	0.0	50.252525	455.0	0.001625	-1.6416306	1.5150498	1.7017666	-5.7151966	-6.0215592e-05	0.0071697147	0.049368262	-0.042716436	1.3179037e-09	-0.00060530455	1.3232231e-09	-0.0011990764	0.64691687	-0.18049192	0.017190842	-0.0044209976	32.615265	0.40504074	3.0	0.591933	0.02113779	280000	25039.92017173767
56	-3.9282827	1.8105773	-0.5	-7.6	0.0	0.0	0.0	0.0	50.28283	455.0	0.0015964912280701754	-1.5137373	1.4405322	1.1595602	-5.407713	0.018171113	0.04094889	0.5530126	-0.064968735	-1.8888233e-10	-4.015033e-05	-3.159046e-10	-2.6925623e-05	0.31803745	-0.07310073	0.0020054253	-0.0019355067	33.020306	-0.104141235	4.0	0.5725321	0.013114404	285000	25496.886224269867
57	-4.0040817	1.7419153	-0.7	-8.7	0.030612245	0.17226472	1.0	0.0	50.704082	458.0	0.0015793103448275862	-1.6017921	1.4658239	1.1674844	-5.3981223	-4.818449e-05	0.011046609	0.2472785	-0.03850236	-9.326515e-10	-0.00022443815	-1.424551e-09	-0.00085464166	0.354484	-0.07044023	0.015356066	-0.0011504265	32.916164	0.43328094	2.0	0.57935566	0.024686776	290000	25947.66213607788
58	-4.2136846	1.9896897	-0.8	-10.0	0.06315789	0.2432467	1.0	0.0	52.557896	464.0	0.0015728813559322033	-1.5644636	1.4165988	1.3329539	-4.888118	0.019213557	0.023260565	0.17585659	-0.07459913	-2.1048743e-09	-0.0010305385	-2.270937e-09	-0.0022043225	0.43927374	-0.10072973	0.038193915	-0.010535261	33.349445	1.4422531	2.0	0.5614361	0.052292254	295000	26401.714869737625
59	-4.537079	2.2120397	-0.8	-10.0	0.011235955	0.1054026	1.0	0.0	55.876404	465.0	0.00155	-1.6352305	1.4950734	1.2334188	-5.244712	0.042857785	0.07873805	0.63948005	-0.11223347	-3.0643104e-09	0.00033803555	-3.2126903e-09	-9.24654e-05	0.47765243	-0.14588752	0.013786075	-0.008357404	34.7917	0.40137482	2.0	0.55045956	0.017225463	300000	26856.529756069183
60	-4.627587	2.0349638	-0.3	-10.0	0.0	0.0	0.0	0.0	57.022987	465.0	0.0015245901639344263	-1.8994478	1.5758122	1.8866838	-5.7402835	0.0094487835	0.02068448	0.19144395	-0.09396802	-2.4765234e-10	-0.00018209084	-1.7881394e-10	-5.7794583e-05	0.48329833	-0.15434971	0.0005205662	-0.0004618004	35.193073	-0.24663925	79.0	0.56656414	0.004721402	305000	27311.581550598145
61	-4.3652177	2.2890303	-0.3	-10.0	0.010869565	0.10368904	1.0	0.0	53.934784	466.0	0.001503225806451613	-1.7814711	1.5492024	1.4276295	-5.6813736	-0.00045051175	0.008109165	0.08459598	-0.050742116	-4.970844e-10	-0.0005365482	-4.6491622e-10	-0.0004600998	0.6747418	-0.22403565	0.008382532	-0.00084995106	34.946434	-0.059906006	79.0	0.5478048	0.010336574	310000	27770.024737119675
62	-4.4444447	2.0833793	-0.9	-10.0	0.0	0.0	0.0	0.0	55.077778	466.0	0.0014793650793650795	-1.840113	1.6495998	1.7320377	-6.0744033	0.013759704	0.02478632	0.28525972	-0.05440054	-7.936666e-10	-0.00019178004	-6.906688e-10	-9.1947506e-05	0.5446633	-0.16711336	0.00079652556	-0.00073162647	34.886528	-0.26958466	79.0	0.55725867	0.005178501	315000	28223.12072610855
63	-4.2648935	1.9684051	-1.0	-10.0	0.0	0.0	0.0	0.0	53.18085	466.0	0.00145625	-1.7257769	1.585046	1.4288058	-5.87251	-2.8212833e-05	0.0094367275	0.03523782	-0.049763728	4.423415e-10	-0.00017316068	5.2899123e-11	-1.1251372e-05	0.70311433	-0.20795876	9.118594e-05	-4.026123e-05	34.616943	-0.3608551	79.0	0.5347845	0.004697751	320000	28684.902659893036
64	-4.6136365	2.1815434	-0.7	-10.0	0.0	0.0	0.0	0.0	56.761364	466.0	0.0014338461538461538	-1.9467269	1.6159574	1.5709165	-5.8243046	-0.0001143831	0.0063939034	0.025920607	-0.046854842	-2.4493604e-10	-0.00013904185	-1.2665987e-11	-8.759027e-06	0.6415216	-0.13855231	4.7670095e-05	-1.4034329e-05	34.25609	-0.3685875	79.0	0.52003765	0.0045246645	325000	29143.460270881653
65	-4.1105266	1.895228	-0.5	-10.0	0.0	0.0	0.0	0.0	51.989475	466.0	0.0014121212121212122	-1.7839942	1.5815346	2.1131177	-6.0033593	-0.0009171104	0.005473747	0.03702032	-0.040550392	-3.024626e-10	-0.00015815067	-7.450581e-12	1.0139381e-05	0.5980251	-0.18475896	3.0507332e-05	-1.2078623e-05	33.8875	-0.3795166	79.0	0.5145044	0.0045913225	330000	29602.971402406693
66	-3.9908164	1.975363	-0.8	-10.0	0.010204081	0.10049856	1.0	0.0	50.683674	467.0	0.0013940298507462688	-1.5692637	1.499894	1.9755715	-5.724506	0.00034613843	0.0049615717	0.039300293	-0.030064605	1.2420458e-10	-0.0007198431	5.960465e-11	-0.00071457075	0.36506206	-0.08119169	0.0071257455	-0.0019693086	33.507984	-0.079956055	28.0	0.5365351	0.012728975	335000	30062.436968803406
67	-3.8019605	1.9125992	-0.4	-8.3	0.019607844	0.13864838	1.0	0.0	48.911766	469.0	0.0013794117647058823	-1.6566879	1.562438	1.6146357	-6.4629693	0.009799692	0.031535245	0.32977694	-0.04418615	-4.0481057e-10	-0.0009029554	-8.106232e-10	-0.0011585301	0.39235446	-0.12504736	0.013064067	-0.002967908	33.42803	0.2820549	34.0	0.5641674	0.015473651	340000	30488.2340862751
68	-3.9353535	2.0514252	-0.4	-10.0	0.02020202	0.14069079	1.0	0.0	50.131313	471.0	0.0013652173913043478	-1.5065438	1.4580286	1.1839794	-4.9390144	0.015504037	0.037782297	0.67446166	-0.07558077	3.964023e-10	-0.0002485023	2.384186e-10	-0.00046484164	0.44541612	-0.10307634	0.0117926225	-0.0014700713	33.710083	0.38856888	6.0	0.52685	0.0119891185	345000	30899.73787212372
69	-4.496629	2.203442	-0.5	-10.0	0.0	0.0	0.0	0.0	55.595505	471.0	0.0013457142857142858	-1.7155468	1.5577644	1.1613408	-5.4790034	0.010998276	0.037974775	0.2984238	-0.12607054	7.704649e-10	-0.00035977163	4.798174e-10	-0.00037896965	0.5814764	-0.11012682	0.001556821	-0.001489823	34.09865	-0.22089386	79.0	0.5257562	0.00853233	350000	31311.10631132126
70	-3.833	1.816483	-0.4	-10.0	0.01	0.099498756	1.0	0.0	49.22	472.0	0.0013295774647887324	-1.6769973	1.5377501	1.2666105	-6.2311482	0.0006856334	0.00864048	0.044772416	-0.045293614	-1.1645987e-10	-0.00035019353	7.152558e-11	-0.00047871986	0.42195556	-0.10946947	0.0065436754	-0.00037158933	33.877758	-0.074581146	79.0	0.5645761	0.010015599	355000	31724.428181886673
71	-4.4087915	2.1492472	-0.8	-10.0	0.021978023	0.1466117	1.0	0.0	54.604397	474.0	0.0013166666666666667	-1.7395632	1.6157701	1.2082533	-5.669762	0.008018529	0.013504643	0.12246249	-0.036449376	7.074419e-10	-0.00028385877	8.5532664e-10	-0.0006501877	0.5301558	-0.13394725	0.010526222	-0.0018350268	33.803177	0.38339615	4.0	0.5322538	0.015551089	360000	32115.03250193596
72	-4.225532	2.1381507	-0.7	-10.0	0.0	0.0	0.0	0.0	52.787235	474.0	0.0012986301369863013	-1.7233073	1.4892092	1.0891113	-5.3235545	0.018884772	0.052978214	0.46052963	-0.085191	-7.710495e-10	-0.00028960613	-1.5199185e-10	-0.00029446254	0.43879044	-0.12786901	0.0032087718	-0.0031659312	34.186573	-0.2190094	79.0	0.54932237	0.007876781	365000	32505.023713111877
73	-4.09375	1.9601665	-0.6	-10.0	0.0	0.0	0.0	0.0	51.708332	474.0	0.0012810810810810812	-1.6706564	1.5289793	1.2587049	-5.6305537	-0.0015090992	0.0064604743	0.06296733	-0.040009096	-4.8470217e-10	-0.00037458487	-8.34465e-11	-0.00018114163	0.33346498	-0.07682839	4.5055716e-05	-2.2264938e-05	33.967564	-0.44621277	79.0	0.53162277	0.010468823	370000	32897.11347579956
74	-3.9434345	2.230965	-0.6	-10.0	0.0	0.0	0.0	0.0	49.767677	474.0	0.001264	-1.6883217	1.5716503	1.2943063	-6.0069613	0.00031585398	0.0053036646	0.046345726	-0.048876744	1.8443062e-10	-0.00016857388	4.7683715e-11	2.9174238e-08	0.48856112	-0.10000506	4.260521e-05	-1.3564466e-05	33.52135	-0.45746994	79.0	0.55505115	0.003969969	375000	33288.18596148491
75	-4.06875	1.9595021	-0.4	-8.8	0.0	0.0	0.0	0.0	51.6875	474.0	0.0012473684210526316	-1.7198625	1.6198342	1.4390918	-5.6205316	-0.00154121	0.0050713904	0.020096626	-0.043758556	3.5082448e-10	-0.00016126502	-3.9488076e-11	4.4018493e-06	0.33167943	-0.09260617	2.8360088e-05	-1.3346652e-05	33.06388	-0.4659462	79.0	0.55060446	0.0044496735	380000	33679.38627886772
76	-3.8732672	1.972579	-0.5	-10.0	0.00990099	0.09900991	1.0	0.0	49.40594	475.0	0.0012337662337662339	-1.5776451	1.4967371	1.6395624	-5.5767813	8.623806e-06	0.005537374	0.1964317	-0.027824702	-3.164771e-10	-0.0003893538	-2.384186e-10	-0.0004832499	0.3450147	-0.054646432	0.0074081146	-0.0008339449	32.597935	-0.10531998	8.0	0.5508764	0.012902988	385000	34069.14717197418
77	-4.2419353	2.0873053	-0.3	-10.0	0.0	0.0	0.0	0.0	53.301075	475.0	0.001217948717948718	-1.6468567	1.5142598	1.4116285	-5.17016	0.012877393	0.025590355	0.11096326	-0.052116983	-1.9090843e-10	-0.00022787983	-8.940697e-12	-7.7484234e-05	0.37113228	-0.08855623	0.0008214806	-0.0007882645	32.492615	-0.37882233	79.0	0.53541887	0.005132986	390000	34460.03811430931
78	-4.0010204	1.9348308	-0.3	-8.7	0.020408163	0.14139192	1.0	0.0	50.785713	477.0	0.0012075949367088609	-1.6886874	1.6334814	1.3524511	-5.564828	0.0002525479	0.007795823	0.34830657	-0.022981247	8.0401713e-10	-0.0005539983	9.834766e-10	-0.00069321756	0.35444215	-0.0841687	0.012559561	-0.0026966166	32.113792	0.2833519	43.0	0.50443614	0.012720172	395000	34851.304020643234
79	-3.8088236	1.7796289	-0.4	-10.0	0.009803922	0.0985282	1.0	0.0	48.872547	478.0	0.001195	-1.4836612	1.4099177	1.1824174	-5.3072147	0.013992436	0.04326697	0.3875495	-0.10961049	-1.327732e-10	-0.0004123639	-1.192093e-10	-0.00030262544	0.3431197	-0.088128805	0.007494826	-0.0014445819	32.397144	0.08351898	79.0	0.51633584	0.008001735	400000	35241.361870765686
80	-3.856436	2.056307	-0.4	-10.0	0.0	0.0	0.0	0.0	49.237625	478.0	0.0011802469135802469	-1.6017921	1.5821313	1.2694304	-5.6733317	0.012271881	0.03244314	0.33680812	-0.08505864	2.1601029e-10	-0.00026780626	-3.2782554e-11	-0.00015865176	0.36256742	-0.06934154	0.0007880777	-0.0006701277	32.480663	-0.40065384	79.0	0.4843588	0.006574382	405000	35632.93944501877
81	-4.082291	1.9512279	-0.6	-10.0	0.03125	0.17399263	1.0	0.0	51.59375	481.0	0.001173170731707317	-1.6538713	1.5155292	1.441891	-5.6698713	0.0014817592	0.013479396	0.23555094	-0.048014186	-1.2837718e-10	-0.00036048258	-6.318092e-10	-0.0008702951	0.512814	-0.12793526	0.019971527	-0.00284913	32.08001	0.7204895	3.0	0.5126499	0.018321116	410000	36021.93906188011
82	-4.114583	2.0855145	-0.8	-10.0	0.0	0.0	0.0	0.0	51.802082	481.0	0.0011590361445783133	-1.5929639	1.5143409	1.3888353	-5.2780004	0.027008027	0.039178688	0.30682597	-0.1107644	1.1562562e-09	-0.0002907192	9.2983243e-10	-0.00033056797	0.43659732	-0.11062893	0.0022771945	-0.002200343	32.8005	-0.1588707	79.0	0.50455534	0.01163473	415000	36412.629341602325
83	-4.645977	2.1548023	-0.7	-10.0	0.0	0.0	0.0	0.0	57.08046	481.0	0.0011452380952380952	-1.8439177	1.5933336	1.5285408	-5.8172317	0.00032529308	0.009482057	0.058685087	-0.042945936	2.3552774e-10	-0.00015912241	1.0542572e-10	-3.140108e-05	0.50570244	-0.12105921	0.000112100526	-6.414518e-05	32.64163	-0.52817917	79.0	0.4775377	0.00447513	420000	36805.6374771595
84	-4.035052	1.9579097	-0.6	-10.0	0.0	0.0	0.0	0.0	51.237114	481.0	0.001131764705882353	-1.6070414	1.5512999	1.5745909	-5.8346305	0.000816218	0.0061719324	0.030920496	-0.0432976	-2.4196262e-10	-0.00019212544	-1.1920929e-11	-1.4817089e-05	0.36777282	-0.07258183	4.2462147e-05	-2.1314529e-05	32.11345	-0.5543251	79.0	0.5330794	0.00414618	425000	37197.4658267498
85	-4.1757894	1.9872603	-0.5	-10.0	0.0	0.0	0.0	0.0	52.526318	481.0	0.0011186046511627906	-1.6580707	1.5597802	1.4355993	-5.9397798	-0.00045775596	0.0048514926	0.121731535	-0.029684855	4.470255e-11	-0.00022135055	-5.6624413e-11	-4.4055564e-06	0.317174	-0.0662913	2.3760582e-05	-1.1900827e-05	31.559124	-0.57118034	79.0	0.5255939	0.0040383865	430000	37585.91355967522
86	-3.8919997	1.9342017	-0.4	-8.6	0.0	0.0	0.0	0.0	49.92	481.0	0.0011057471264367816	-1.5298351	1.5540721	1.3445033	-5.7675633	-0.00037672106	0.004107771	0.037835166	-0.027510658	1.6642272e-10	-0.00014891136	-6.7055224e-12	-3.7967302e-06	0.36034757	-0.10026917	1.701726e-05	-6.3989573e-06	30.987944	-0.5733738	79.0	0.49144408	0.003923953	435000	37978.110075473785
87	-4.075258	2.2194097	-0.3	-10.0	0.020618556	0.14210358	1.0	0.0	50.958763	483.0	0.0010977272727272728	-1.7144402	1.6119556	0.9502034	-5.931798	-0.000105286745	0.0028817556	0.018289939	-0.022376727	1.9793107e-09	-0.0002864051	1.7747283e-09	-0.00041123864	0.5835328	-0.1659711	0.012407675	-0.002128155	30.41457	0.33996582	3.0	0.48948583	0.009185767	440000	38368.88248586655
88	-3.6942308	1.8965468	-0.6	-10.0	0.0	0.0	0.0	0.0	47.73077	483.0	0.0010853932584269663	-1.6165863	1.5539335	1.4279176	-6.3134866	0.013155798	0.04783326	0.28266284	-0.09297534	8.1215207e-10	-0.0005058343	1.001358e-09	-0.00047344127	0.3324529	-0.12675272	0.002455407	-0.0024361704	30.754536	-0.32354164	69.0	0.5288028	0.012372031	445000	38760.93778634071
89	-3.9989796	2.0033896	-0.5	-10.0	0.010204081	0.10049855	1.0	0.0	50.765305	484.0	0.0010755555555555555	-1.5611322	1.4410895	1.4669306	-5.6932435	-0.00052984135	0.0043509817	0.050208308	-0.025765764	-7.776108e-11	-0.0005486624	2.2053719e-10	-0.00075978437	0.5582113	-0.17515737	0.0073126312	-0.0016780412	30.430994	-0.11529732	10.0	0.4905586	0.013681985	450000	39173.09059238434
90	-3.7067308	1.6512388	-0.8	-10.0	0.0	0.0	0.0	0.0	47.96154	484.0	0.0010637362637362638	-1.4244041	1.5091434	1.6848639	-5.700044	0.009018817	0.0348656	0.58997095	-0.035297114	8.510943e-10	-0.00018615002	8.225441e-10	-3.5048794e-05	0.4126128	-0.13781771	0.0012967484	-0.0012808057	30.315697	-0.48082352	79.0	0.48254922	0.0039355704	455000	39596.43975806236
91	-4.0418363	2.1838892	-0.3	-10.0	0.020408163	0.14139192	1.0	0.0	50.857143	486.0	0.0010565217391304347	-1.6641062	1.510576	1.4135603	-5.3854837	0.00082170917	0.00474414	0.033975236	-0.018408727	8.383735e-10	-0.00034062393	3.9339065e-10	-0.000572414	0.54253507	-0.14788088	0.012692019	-0.0016577998	29.834873	0.35879517	9.0	0.47950175	0.013501026	460000	40018.70718026161
92	-3.7442307	1.8705628	-0.5	-10.0	0.028846154	0.16737397	1.0	0.0	48.01923	489.0	0.0010516129032258064	-1.5163027	1.4896638	1.3854992	-5.6550035	0.0148902405	0.03565173	0.28908706	-0.10989693	-9.334705e-11	-0.0005612633	-4.4703483e-10	-0.0016729301	0.35300893	-0.0729264	0.016598495	-0.002936056	30.193668	1.042347	2.0	0.5091819	0.047359142	465000	40409.850553274155
93	-4.4175825	2.055365	-0.7	-10.0	0.0	0.0	0.0	0.0	54.813187	489.0	0.0010404255319148936	-1.7481418	1.4709294	1.0601615	-5.4614863	0.016299741	0.037766326	0.16371287	-0.09780341	-5.468745e-10	0.00011816501	-1.4305115e-10	-4.5909283e-06	0.48961395	-0.13627538	0.0017179723	-0.0015355656	31.236015	-0.22828865	5.0	0.46407422	0.011798325	470000	40798.595967531204
94	-4.21383	2.1136134	-0.6	-10.0	0.0	0.0	0.0	0.0	52.904255	489.0	0.0010294736842105263	-1.844941	1.7742064	1.2042699	-7.20351	-0.0017031658	0.008232708	0.04870496	-0.043920822	-2.965424e-10	-0.00016514123	5.066395e-11	-3.8586746e-05	0.39403096	-0.109728515	6.566358e-05	-4.0758958e-05	31.007727	-0.6455879	79.0	0.4572597	0.0045954958	475000	41189.74281978607
95	-3.759224	1.9464898	-0.7	-10.0	0.0	0.0	0.0	0.0	48.37864	489.0	0.00101875	-1.4729673	1.5556974	1.1372631	-6.205631	0.00096332683	0.0064237784	0.042962868	-0.015515363	6.038011e-11	-0.00016965922	-7.897615e-11	6.062284e-07	0.3394771	-0.082205355	4.2033265e-05	-2.6305397e-05	30.362139	-0.672781	79.0	0.49146557	0.003914199	480000	41582.91236782074
96	-4.2956986	2.1857266	-0.5	-10.0	0.0	0.0	0.0	0.0	53.60215	489.0	0.0010082474226804125	-1.6757047	1.5378284	1.0502559	-5.810614	-0.0011497864	0.0054447735	0.025375916	-0.057538513	2.8640732e-11	-0.00024200938	-8.940697e-12	-1.4660611e-06	0.6276336	-0.16046047	2.2129927e-05	-7.5263915e-06	29.689358	-0.67394066	37.0	0.4771688	0.014793399	485000	41974.49538350105
97	-3.593458	1.8547374	-1.1	-10.0	0.009345794	0.096220836	1.0	0.0	46.728973	490.0	0.001	-1.5892723	1.5424213	1.9639667	-5.770786	-0.00014916676	0.0030380003	0.033426568	-0.03141011	-7.6929886e-11	-0.00021086977	3.874302e-11	-4.3101863e-05	0.37772217	-0.1191735	0.0027749178	-8.473522e-05	29.015417	-0.20917702	79.0	0.50267804	0.0045152553	490000	42366.40157723427
98	-4.1343746	1.9606985	-1.0	-10.0	0.010416667	0.10152909	1.0	0.0	52.0	491.0	0.0009919191919191919	-1.5626904	1.4926933	1.5565702	-5.6507297	0.0038193492	0.009209784	0.05609329	-0.024032058	-1.1722565e-10	-0.00032667976	-5.7816507e-10	-0.0002941621	0.5342588	-0.17464796	0.005484597	-0.0005335007	28.80624	-0.0009937286	79.0	0.48843682	0.0061624656	495000	42757.91996049881
99	-3.9383838	1.9613285	-0.6	-10.0	0.01010101	0.0999949	1.0	0.0	50.161617	492.0	0.000984	-1.7251518	1.5765756	1.0642067	-6.5322413	0.0061802994	0.016087487	0.11869203	-0.039916534	1.6505869e-10	-0.00037687906	-2.5629998e-10	-0.0005437625	0.4767958	-0.16272837	0.004290981	-0.0015608345	28.805246	0.011091232	11.0	0.4646745	0.013652921	500000	43149.084649086
100	-4.094792	2.0918179	-0.7	-10.0	0.010416667	0.10152909	1.0	0.0	51.604168	493.0	0.0009762376237623762	-1.6193213	1.5380554	1.4466326	-5.5168953	0.0054340265	0.031275485	0.35840678	-0.056896538	1.4027692e-09	-0.0005808978	1.001358e-09	-0.0006698899	0.38123077	-0.11956853	0.0058247084	-0.0012265295	28.816338	0.03152466	37.0	0.4520159	0.012237816	505000	43540.66441869736
101	-3.9494948	1.9115478	-0.4	-10.0	0.030303031	0.17141983	1.0	0.0	50.050507	496.0	0.0009725490196078431	-1.7488914	1.6775212	1.3856355	-8.3588085	0.007047487	0.029949259	0.29421213	-0.05549722	2.2804812e-10	-0.00031193235	7.4505807e-10	-0.0010344227	0.6418399	-0.24526596	0.01771313	-0.0028440924	28.847862	1.1576214	2.0	0.4019415	0.039056122	510000	43931.59821200371
102	-3.9505048	1.8222737	-0.3	-8.6	0.0	0.0	0.0	0.0	50.50505	496.0	0.0009631067961165049	-1.5145179	1.4973729	1.6009467	-6.0007653	0.01953486	0.040104266	0.18729652	-0.08407212	1.2576755e-10	-0.00010260852	2.4437904e-10	-0.000105647705	0.28971988	-0.06971197	0.0019899623	-0.0019604485	30.005484	-0.24806023	5.0	0.4684998	0.0105357235	515000	44322.42645406723
103	-4.217021	1.9791273	-0.5	-10.0	0.0	0.0	0.0	0.0	52.81915	496.0	0.0009538461538461539	-1.6365118	1.5147642	1.8720391	-5.390261	-0.00052172306	0.0059953956	0.021302273	-0.04611168	-6.5873784e-10	-0.00014963053	1.0430813e-10	4.5094926e-06	0.61497426	-0.1732822	3.571547e-05	-2.1753847e-05	29.757423	-0.75105476	50.0	0.4309115	0.01252002	520000	44713.86927866936
104	-3.9242427	1.6760398	-0.4	-8.7	0.0	0.0	0.0	0.0	50.242424	496.0	0.0009447619047619047	-1.5971999	1.4668607	1.184806	-5.377924	-0.00051484	0.003835909	0.031318016	-0.01761538	-3.2397912e-10	-0.00016592153	-4.582107e-11	-7.5177763e-06	0.3365197	-0.10354644	1.4978748e-05	-6.6488283e-06	29.006369	-0.7877197	79.0	0.46433008	0.003002457	525000	45106.09623360634
105	-3.8277225	1.7141299	-0.6	-8.1	0.00990099	0.09900991	1.0	0.0	49.168316	497.0	0.0009377358490566038	-1.5124117	1.4336728	1.2257926	-5.280948	0.0003238058	0.003298352	0.025179502	-0.037356436	-1.4438402e-10	-0.00045201974	5.9604643e-12	-0.00071660115	0.26374957	-0.04398565	0.0056374716	-0.00090628397	28.218649	-0.17970276	15.0	0.47651026	0.011989402	530000	45497.393876075745
106	-3.9080002	2.0509353	-0.7	-10.0	0.0	0.0	0.0	0.0	49.97	497.0	0.0009289719626168224	-1.4898938	1.4842937	1.2929813	-5.3141456	0.009977295	0.027000524	0.18931614	-0.06452867	2.0455647e-10	-0.00020318228	8.940697e-11	-0.00011027477	0.33115393	-0.08579661	0.00076290517	-0.0006878058	28.038946	-0.6261368	46.0	0.43935448	0.012269296	535000	45888.329275369644
107	-3.9020002	1.8660108	-0.6	-10.0	0.01	0.099498756	1.0	0.0	49.91	498.0	0.0009222222222222222	-1.7397932	1.5200063	1.5747335	-5.9910827	0.0012735871	0.0046957913	0.032459594	-0.028753038	2.3767951e-10	-0.00035754265	2.7418137e-10	-0.00039599932	0.44126698	-0.19678363	0.0064515276	-0.00042834785	27.41281	-0.17415047	79.0	0.41222066	0.007278116	540000	46279.29786300659
108	-3.8166668	1.9989744	-0.8	-10.0	0.009803922	0.09852819	1.0	0.0	48.843136	499.0	0.0009155963302752293	-1.5416851	1.5678773	1.51321	-7.429626	0.006851145	0.009467645	0.23325862	-0.022587169	-2.342762e-10	-0.00036217936	-1.7285347e-10	-0.00021148559	0.2774289	-0.09630768	0.0051601264	-0.001008627	27.238659	-0.03622055	79.0	0.4544212	0.008290441	545000	46670.37752866745
109	-3.4844038	1.8075364	-0.5	-10.0	0.027522936	0.16360141	1.0	0.0	45.541283	502.0	0.0009127272727272727	-1.4636965	1.4594393	1.1515435	-5.0163326	0.01179694	0.05138196	1.00764	-0.04415135	-2.645007e-10	-0.00085793145	-7.510185e-10	-0.0012567878	0.34419605	-0.11241305	0.016267082	-0.004093406	27.202438	1.1359196	34.0	0.45519462	0.013783314	550000	47060.49717235565
110	-4.331522	2.0867558	-0.4	-10.0	0.010869565	0.10368904	1.0	0.0	53.95652	503.0	0.0009063063063063063	-1.7564284	1.6523602	1.1558243	-7.3072724	-0.010617606	0.043460928	0.35929784	-0.11278901	-1.3923291e-09	-0.00026622097	-1.502037e-09	-0.0004557685	0.8987035	-0.35633367	0.00958132	-0.002348178	28.338358	0.3835678	10.0	0.42697158	0.014120996	555000	47451.104997873306
111	-4.1673684	2.1444392	-0.6	-10.0	0.0	0.0	0.0	0.0	52.326317	503.0	0.0008982142857142857	-1.764426	1.6517957	1.2691827	-7.800008	0.013918869	0.030491946	0.591666	-0.05364033	-5.869883e-10	-0.00014477022	-7.4505804e-11	-1.6746726e-05	0.43031818	-0.14491504	0.0010835285	-0.0010351136	28.721926	-0.6661701	79.0	0.40263462	0.0028057373	560000	47842.71237325668
112	-3.6179242	1.6441317	-0.6	-8.0	0.018867925	0.13605854	1.0	0.0	47.07547	505.0	0.0008938053097345132	-1.4684606	1.4676965	1.3784096	-5.582211	0.0005960031	0.005778376	0.07461911	-0.030553307	2.9768753e-11	-0.0004281995	1.192093e-10	-0.00084123615	0.25416392	-0.06667109	0.013924192	-0.001004599	28.055756	0.41656303	9.0	0.41652218	0.019199826	565000	48233.62581944466
113	-3.5560741	1.6617286	-0.3	-7.8	0.018691588	0.13543344	1.0	0.0	46.457943	507.0	0.0008894736842105263	-1.3811065	1.3855516	1.4348058	-5.6336017	0.018609084	0.023647618	0.36664042	-0.08843446	5.3352375e-11	-0.0004229328	1.4901161e-10	-0.00069855934	0.2741036	-0.060693845	0.009413763	-0.0008747298	28.472319	0.77729607	6.0	0.3953003	0.015368383	570000	48625.63032245636
114	-3.881	1.8259076	-0.6	-10.0	0.01	0.099498756	1.0	0.0	49.48	508.0	0.0008834782608695652	-1.4641083	1.4404907	1.3124715	-5.4032803	0.011507068	0.02134965	0.14293185	-0.05334442	-5.5362583e-11	4.2671527e-05	-5.00679e-10	-0.00019766206	0.44545665	-0.14797541	0.004388302	-0.0006225612	29.249615	0.17542839	2.0	0.38154665	0.02231211	575000	49016.92369174957
115	-3.6778846	1.7411289	-0.4	-8.7	0.0	0.0	0.0	0.0	47.778847	508.0	0.0008758620689655173	-1.511945	1.5114316	1.3059444	-5.7318015	0.0063541993	0.013375094	0.2235534	-0.027780253	2.1040426e-11	-0.00018125554	4.7683715e-11	-1.7233888e-05	0.30018985	-0.079549596	0.00021642241	-0.00019291085	29.425043	-0.74238396	79.0	0.38300616	0.004233739	580000	49410.39245247841
116	-3.9755104	1.8598914	-0.4	-10.0	0.0	0.0	0.0	0.0	50.642857	508.0	0.0008683760683760684	-1.5815723	1.5193092	1.3059528	-6.174282	0.0001613699	0.005053052	0.05042111	-0.04739454	-1.11452306e-10	-0.00013058391	-8.940697e-12	-8.977765e-06	0.31411806	-0.06714365	2.5821722e-05	-1.279371e-05	28.68266	-0.96035194	79.0	0.36205965	0.0029399686	585000	49802.47871518135
117	-3.7813733	2.0630612	-0.4	-10.0	0.0	0.0	0.0	0.0	48.705883	508.0	0.0008610169491525424	-1.6867791	1.6817911	1.4493824	-9.031808	-0.00014043658	0.0036894584	0.047775384	-0.019734878	-6.03164e-11	-0.0001679056	-7.450581e-12	-4.192416e-06	0.46741363	-0.18725777	1.3521641e-05	-5.3580115e-06	27.722307	-0.9840622	79.0	0.37469336	0.0030881783	590000	50194.728374004364
118	-3.492727	1.6731412	-0.5	-10.0	0.045454547	0.2082989	1.0	0.0	45.427273	513.0	0.0008621848739495798	-1.2347286	1.3718919	1.2941632	-5.111788	0.000110424444	0.0039944067	0.15197252	-0.015516707	2.694609e-09	-0.00051106274	2.3245812e-09	-0.0015026446	0.44091776	-0.14773515	0.02931911	-0.006022338	26.738245	2.3920536	2.0	0.3834	0.04367622	595000	50585.26188135147
119	-3.8396041	1.7834264	-0.8	-10.0	0.00990099	0.099009916	1.0	0.0	49.28713	514.0	0.0008566666666666667	-1.5523939	1.4347868	1.0760775	-5.4303074	0.041434936	0.071056396	0.376078	-0.1440626	-3.133466e-10	-0.0005373544	-1.0967255e-09	-0.00074768526	0.34015483	-0.09198283	0.013600196	-0.006443268	29.130299	0.7134628	8.0	0.40436447	0.016808294	600000	50975.32251524925
120	-3.780392	1.8502274	-0.8	-8.2	0.009803922	0.0985282	1.0	0.0	48.80392	515.0	0.0008512396694214876	-1.5184691	1.4949566	1.3140199	-5.4400535	0.01293295	0.013584106	0.08963529	-0.03202014	-5.707914e-10	-0.0011143537	-3.9339065e-10	-0.0011496011	0.26453313	-0.07645476	0.006538046	-0.0008148113	29.843761	-0.018720627	75.0	0.3806022	0.0166012	605000	51366.90401482582
121	-4.0357146	2.1407251	-0.5	-10.0	0.020408163	0.14139192	1.0	0.0	50.795918	517.0	0.0008475409836065573	-1.4868234	1.5044011	1.4228857	-5.615214	0.011761393	0.031568035	0.33030522	-0.14142404	2.6594468e-10	-0.0001377239	7.0333483e-10	-0.00046225183	0.6054	-0.25870764	0.008963728	-0.001021794	29.82504	0.78792953	11.0	0.31958696	0.016074829	610000	51758.81407356262
122	-3.6865387	2.0144696	-0.4	-10.0	0.009615385	0.09758549	1.0	0.0	47.653847	518.0	0.0008422764227642277	-1.6295909	1.5592074	1.3086911	-5.9429703	0.004953074	0.013727015	0.105151266	-0.04352832	5.7500715e-10	-0.00030081492	-4.172325e-11	-0.0004495155	0.3292491	-0.081419185	0.0061546057	-0.0006799516	30.61297	0.19662666	11.0	0.3623084	0.012988755	615000	52149.53447294235
123	-3.9525254	1.9301617	-0.3	-10.0	0.0	0.0	0.0	0.0	50.414143	518.0	0.000835483870967742	-1.5281781	1.4687799	1.3804978	-5.045919	0.0078113787	0.016352607	0.08587055	-0.04639226	-2.5156213e-10	-0.00018053128	-3.2782554e-10	-2.9268453e-05	0.36984774	-0.0955427	0.00035222332	-0.00029219338	30.809597	-0.80986404	79.0	0.36918604	0.0033023912	620000	52542.445605278015
124	-4.073196	2.1051981	-0.7	-10.0	0.0	0.0	0.0	0.0	51.391754	518.0	0.0008288	-1.6145437	1.5330118	1.405095	-6.2172008	0.0011790374	0.0051920507	0.033813372	-0.019788792	-2.1794352e-10	-0.00017224332	1.6391277e-11	-6.864691e-06	0.46220985	-0.12171233	2.729876e-05	-1.3537299e-05	29.999733	-1.0487881	79.0	0.3670024	0.003033464	625000	52931.93948173523
125	-3.9120002	2.1242542	-0.3	-10.0	0.0	0.0	0.0	0.0	49.79	518.0	0.0008222222222222222	-1.7438864	1.7490777	1.2290988	-7.4867005	0.0007092399	0.0042154435	0.018875193	-0.041241698	6.059479e-11	-0.00014205676	-3.6135317e-11	4.313818e-06	0.5142636	-0.19783631	1.7916345e-05	-9.942742e-06	28.950945	-1.0652046	79.0	0.39176396	0.0031676926	630000	53324.19832396507
126	-3.8227723	1.8855301	-0.8	-10.0	0.00990099	0.099009916	1.0	0.0	49.0099	519.0	0.0008173228346456693	-1.6101811	1.5645125	1.1459832	-6.521273	-0.00026439942	0.0028979685	0.03596989	-0.011993681	-4.182586e-10	-0.00042289065	-6.7949296e-10	-0.00052393327	0.36876494	-0.11527103	0.004870589	-0.00044289883	27.88574	-0.22756958	79.0	0.397533	0.011869148	635000	53716.52344560623
127	-3.6599998	1.7514946	-0.6	-10.0	0.00952381	0.09712419	1.0	0.0	47.285713	520.0	0.0008125	-1.4491222	1.4473814	1.2726848	-5.5090714	0.0042359945	0.014741996	0.09288252	-0.0343658	2.4702235e-10	-0.00041111992	2.1457672e-10	-0.00043088352	0.26472014	-0.075744	0.0052862526	-0.00091784727	27.65817	-0.04211235	79.0	0.38762325	0.011869249	640000	54110.03433346748
128	-3.9561222	1.8066242	-0.8	-10.0	0.0	0.0	0.0	0.0	50.44898	520.0	0.0008062015503875969	-1.5991791	1.628491	1.6889734	-8.82681	0.0069134017	0.03074814	0.21979591	-0.12908395	4.5643406e-10	-0.00026737456	1.9669533e-10	-0.00030995248	0.51710224	-0.17649886	0.0009938885	-0.0009734703	27.616058	-0.87091446	79.0	0.35461646	0.0114395665	645000	54503.71742248535
129	-3.7076921	1.898972	-0.4	-10.0	0.009615385	0.0975855	1.0	0.0	47.865383	521.0	0.0008015384615384615	-1.5457757	1.5024856	1.2407279	-5.922716	-0.0007134583	0.0050252522	0.02819338	-0.019969989	9.667154e-10	-0.00012985527	7.0333483e-10	-1.3148519e-05	0.3040104	-0.08900146	0.0038400092	-0.00015062792	26.745144	-0.29260254	79.0	0.37719208	0.002503825	650000	54896.12582230568
130	-3.9808083	2.0187845	-0.4	-10.0	0.01010101	0.09999491	1.0	0.0	50.474747	522.0	0.0007969465648854962	-1.5763228	1.5856423	1.6668463	-6.5639653	0.0027464891	0.00886007	0.056862123	-0.020746583	-4.335274e-10	-0.00012249954	-5.364418e-10	-0.00031989886	0.31344086	-0.08261332	0.007947534	-0.0016434737	26.452541	-0.005683899	7.0	0.37306407	0.012620025	655000	55286.49900650978
131	-3.9540002	1.9288039	-0.7	-10.0	0.03	0.17058721	1.0	0.0	49.99	525.0	0.0007954545454545455	-1.6879594	1.8319764	1.5296785	-10.317496	0.0081615	0.03736256	0.34507945	-0.09517871	5.2143445e-10	-0.0004927552	5.4836274e-10	-0.00077224034	0.44433668	-0.12307057	0.015668673	-0.0058633136	26.446857	1.793457	27.0	0.3528963	0.013802586	660000	55677.7488925457
132	-3.8633661	2.110123	-0.3	-10.0	0.00990099	0.09900991	1.0	0.0	49.41584	526.0	0.0007909774436090226	-1.6044476	1.6217219	1.4394	-7.0579042	0.016010322	0.057393048	0.54671824	-0.13910463	-1.957608e-09	-0.00062151096	-1.8715858e-09	-0.0009697004	0.41244453	-0.146831	0.011425801	-0.0050681853	28.240314	0.4964981	8.0	0.3774038	0.016940081	665000	56070.031147003174
133	-3.7134614	1.9217908	-0.3	-10.0	0.0	0.0	0.0	0.0	47.923077	526.0	0.0007850746268656716	-1.5069435	1.4960437	1.5875741	-5.723595	0.018404286	0.042512897	0.34463173	-0.0954338	-2.165179e-10	-8.3307066e-05	-1.3113022e-10	-0.00013130766	0.33587867	-0.09741604	0.0021748107	-0.002134693	28.736813	-0.9096565	8.0	0.42268813	0.010797573	670000	56461.28879618645
134	-3.9109998	1.9786307	-0.6	-10.0	0.0	0.0	0.0	0.0	50.0	526.0	0.0007792592592592593	-1.5181148	1.5508691	1.2285225	-5.77911	-0.0010225592	0.005984598	0.018107185	-0.053880114	-1.1880728e-10	-0.00017903758	5.5134296e-11	-2.7691572e-06	0.4601527	-0.16165462	3.6282545e-05	-2.1174761e-05	27.827156	-1.211729	79.0	0.41101134	0.00329932	675000	56851.392250061035
135	-3.7558827	2.1224096	-0.3	-10.0	0.0	0.0	0.0	0.0	48.235294	526.0	0.0007735294117647059	-1.5804503	1.5362604	1.3724462	-5.9448333	0.0007267207	0.0047067846	0.14099258	-0.022561755	1.1659411e-10	-0.00017301575	-2.2351742e-11	5.446285e-07	0.4881581	-0.15203199	2.2333446e-05	-1.1867584e-05	26.615427	-1.2378197	79.0	0.41001397	0.003331987	680000	57243.37866997719
136	-3.9838386	1.8875834	-0.5	-10.0	0.02020202	0.14069079	1.0	0.0	50.50505	528.0	0.0007708029197080291	-1.5892924	1.5079705	1.4193612	-6.2732286	0.0004141492	0.0040242546	0.03398569	-0.025786756	8.060962e-10	-0.00022576476	4.4703483e-10	-0.00067692174	0.49297515	-0.17319551	0.012220236	-0.0016411496	25.377607	0.70064545	2.0	0.4164289	0.01614793	685000	57634.81412982941
137	-3.9080808	1.9804436	-0.3	-8.9	0.0	0.0	0.0	0.0	50.080807	528.0	0.0007652173913043479	-1.5771068	1.5210094	1.3595021	-7.2234483	0.014480698	0.032125935	0.13995513	-0.09371969	6.1015615e-10	-0.00022206223	5.275011e-10	-0.0001406928	0.34450397	-0.12153019	0.0012420001	-0.0011977495	26.078253	-0.7051563	79.0	0.4102286	0.0041223876	690000	58027.07540297508
138	-3.9434345	2.0522058	-0.5	-10.0	0.01010101	0.099994905	1.0	0.0	50.10101	529.0	0.0007611510791366906	-1.7071469	1.6763068	1.2400074	-8.043671	-0.00017940578	0.0068112966	0.024837304	-0.027172025	1.0249177e-09	-0.00036374127	2.384186e-10	-0.00049735943	0.43300366	-0.15088195	0.0070284875	-0.00032667164	25.373096	-0.26039886	11.0	0.41055313	0.013483573	695000	58419.00421619415
139	-3.804951	1.9865576	-0.6	-10.0	0.0	0.0	0.0	0.0	48.940594	529.0	0.0007557142857142857	-1.700877	1.8035775	1.1972762	-10.229304	0.010640927	0.01489476	0.051763143	-0.029939689	-4.1043094e-10	-0.00020092132	7.4505804e-11	-1.4101965e-05	0.39626512	-0.110192955	0.00033288528	-0.000309344	25.112698	-1.0272293	79.0	0.41159424	0.0034889106	700000	58810.889729738235
140	-4.0340204	1.9467068	-0.7	-8.9	0.020618556	0.14210358	1.0	0.0	51.113403	531.0	0.0007531914893617022	-1.6449523	1.5193914	1.4140327	-5.406341	-0.00077846274	0.0053416165	0.02030997	-0.015203525	4.886154e-11	-0.00034421458	3.9339065e-10	-0.0006206443	0.29252347	-0.07882267	0.010268106	-0.0033962252	24.085468	0.785532	7.0	0.37896493	0.013611698	705000	59202.026337623596
141	-4.0350513	1.8477648	-0.4	-10.0	0.010309278	0.10100988	1.0	0.0	51.12371	532.0	0.0007492957746478874	-1.5782908	1.5622303	1.7978069	-6.6607223	0.006226744	0.03296214	0.5277382	-0.053518414	1.6508528e-10	-0.0010447898	2.6375055e-10	-0.0010737664	0.38046944	-0.103336215	0.0058583315	-0.0015541026	24.871	0.33075714	28.0	0.37430596	0.012780823	710000	59594.804481744766
142	-3.9464645	1.9137627	-0.5	-8.7	0.01010101	0.099994905	1.0	0.0	50.464645	533.0	0.0007454545454545455	-1.6002522	1.4951379	1.2735484	-5.461716	0.009385984	0.06264951	0.7869236	-0.03996244	-3.66801e-10	-0.0004434071	-1.013279e-10	-0.00048695298	0.272429	-0.08127268	0.011274464	-0.003943553	25.201757	0.033021927	79.0	0.38626647	0.009943475	715000	59985.81384730339
143	-3.9303033	1.9070023	-0.8	-10.0	0.0	0.0	0.0	0.0	50.191917	533.0	0.0007402777777777777	-1.4693037	1.5043035	1.3451551	-5.8594666	0.009077803	0.015566845	0.417804	-0.029756473	-2.7239147e-10	-0.00018761125	-2.2649765e-10	-3.97964e-05	0.37661535	-0.13112517	0.000620624	-0.00027375878	25.23478	-1.0798035	79.0	0.38934952	0.0031380947	720000	60378.44635748863
144	-3.617143	1.6762462	-0.7	-8.2	0.00952381	0.09712419	1.0	0.0	47.066666	534.0	0.000736551724137931	-1.5275829	1.5041131	1.4841973	-6.6204185	0.0023014054	0.006734605	0.11914057	-0.03807194	7.039923e-10	-0.000220799	7.331371e-10	-7.2942494e-06	0.29995275	-0.09096861	0.0032973117	-0.0009291859	24.154976	-0.39098167	79.0	0.39351192	0.0038528438	725000	60770.57915997505
145	-3.695192	2.0283275	-0.3	-10.0	0.0	0.0	0.0	0.0	47.740383	534.0	0.0007315068493150685	-1.4079987	1.4240798	1.3659465	-5.121352	0.0027127545	0.014969388	0.3353111	-0.021352198	-7.1920296e-11	-0.00022439283	-1.3113022e-10	-1.0779286e-05	0.34766468	-0.09448978	0.00023176732	-0.00021705985	23.763994	-1.1484699	79.0	0.39629564	0.0046847756	730000	61163.05447459221
146	-3.7326925	1.7787983	-0.5	-10.0	0.028846154	0.16737399	1.0	0.0	48.009617	537.0	0.0007306122448979592	-1.5654991	1.5242404	1.6722444	-5.753611	-3.4341017e-05	0.0045448807	0.10328165	-0.04172135	-9.48684e-10	-0.0002960752	-8.493662e-10	-0.00032061734	0.3656614	-0.11550927	0.01871576	-0.0025059134	22.615524	1.7387123	9.0	0.40062514	0.008666844	735000	61556.31349515915
147	-3.869307	1.86036	-0.3	-10.0	0.00990099	0.09900991	1.0	0.0	49.475246	538.0	0.000727027027027027	-1.4730686	1.4698049	1.5419974	-5.9996877	0.02073593	0.04448746	0.93673676	-0.06312212	-6.002485e-10	-0.00042766612	-5.6028365e-10	-0.0003361827	0.46978524	-0.18165702	0.006919287	-0.001296958	24.354237	0.55735207	18.0	0.42910025	0.011765977	740000	61948.742371320724
148	-3.8719997	1.8015593	-0.5	-8.9	0.0	0.0	0.0	0.0	49.72	538.0	0.0007221476510067115	-1.5680394	1.4534576	1.7849243	-6.7771025	0.0072850157	0.016508255	0.13781919	-0.019198291	1.1475022e-09	-0.00023342535	4.7385695e-10	-2.5817344e-05	0.32858282	-0.11115001	0.0003231941	-0.00030635868	24.911589	-1.1312695	79.0	0.42899904	0.0035539677	745000	62341.31713461876
149	-3.8099008	1.8776172	-0.3	-8.7	0.03960396	0.1950269	1.0	0.0	48.9901	542.0	0.0007226666666666667	-1.535093	1.5004693	1.6732339	-5.6295633	-0.00012856336	0.007465548	0.32735127	-0.063387565	2.4459426e-09	-0.0014452413	2.580881e-09	-0.0017534589	0.27942717	-0.07339233	0.01971912	-0.0051955227	23.78032	2.8619156	6.0	0.43584347	0.020184476	750000	62734.381638765335
