Epoch	AverageEpRet	StdEpRet	MaxEpRet	MinEpRet	AverageEpCost	StdEpCost	MaxEpCost	MinEpCost	EpLen	CumulativeCost	CostRate	AverageVVals	StdVVals	MaxVVals	MinVVals	AverageCostVVals	StdCostVVals	MaxCostVVals	MinCostVVals	LossPi	DeltaLossPi	SurrCost	DeltaSurrCost	LossV	DeltaLossV	LossVC	DeltaLossVC	Penalty	DeltaPenalty	StopIter	Entropy	KL	TotalEnvInteracts	Time
0	-2.4268749	2.078212	-0.3	-10.0	0.36875	0.482466	1.0	0.0	31.14375	59.0	0.0118	-0.5009111	0.2647469	0.06521789	-1.052407	-0.05192872	0.18674654	0.5552912	-0.53794473	-3.0517582e-09	-0.002673213	2.6226044e-09	-0.0049904827	3.4071383	-1.674591	0.20444195	-0.10409887	10.0	2.0009632	4.0	1.0178834	0.024216859	5000	505.59715700149536
1	-4.744565	3.5045736	-0.4	-10.0	0.25	0.4330127	1.0	0.0	53.902172	82.0	0.0082	-1.6247547	0.62479264	1.0892311	-3.2129395	0.12728855	0.13094778	0.61333495	-0.2290293	-3.466139e-09	-0.001312655	-2.1100044e-09	-0.0015211927	4.832756	-2.293981	0.05858125	-0.006688919	12.000963	1.6378231	20.0	1.0135244	0.012853983	10000	1015.3175082206726
2	-4.5096774	2.7257063	-0.4	-10.0	0.20430107	0.40318996	1.0	0.0	53.139786	101.0	0.006733333333333333	-2.838694	1.375922	2.3677585	-6.177522	0.091257334	0.08370026	0.48941335	-0.04181887	-5.875004e-10	-0.0015452466	4.7683715e-11	-0.0021726135	2.3127625	-0.73034406	0.043521058	-0.0049143657	13.638786	1.4376783	15.0	1.0170697	0.014416439	15000	1528.578141450882
3	-4.8034477	2.3474834	-0.4	-10.0	0.13793103	0.34482756	1.0	0.0	57.390804	113.0	0.00565	-2.304434	1.6004705	3.9059381	-6.255336	0.06354827	0.09507205	0.68762696	-0.19429868	3.3725365e-09	-0.0011157929	3.4570693e-09	-0.0010720756	1.2632862	-0.28360677	0.03187209	-0.004313728	15.076465	1.1174974	27.0	0.93074894	0.012140525	20000	2054.1806712150574
4	-5.097531	2.1533194	-0.5	-10.0	0.012345679	0.11042311	1.0	0.0	61.4321	114.0	0.00456	-2.0907214	1.4782785	1.7598547	-5.72979	0.037134472	0.0691304	0.35905316	-0.09736516	8.695674e-10	-0.00027450023	3.8146972e-10	0.00038014294	0.97357756	-0.0714311	0.010017895	-0.004984106	16.193962	0.25948906	9.0	0.9329782	0.01121619	25000	2572.1134197711945
5	-3.7358491	2.2634163	-0.3	-10.0	0.16981132	0.37546697	1.0	0.0	46.38679	132.0	0.0044	-2.3260982	1.5185382	1.6804874	-5.555699	0.0058017904	0.021162469	0.11532391	-0.11603429	5.082722e-10	-0.0005325028	2.1457672e-10	-0.0016082219	1.3683107	-0.4610818	0.063584745	-0.013042435	16.453451	1.2026672	7.0	0.91926116	0.015599213	30000	3094.8229620456696
6	-4.395699	2.1422486	-0.3	-10.0	0.11827957	0.32293892	1.0	0.0	53.655914	143.0	0.004085714285714285	-1.485203	1.3784924	1.94559	-5.4928174	0.08500371	0.08312064	0.3836193	-0.15600291	-2.8890085e-10	-0.0010370598	1.4305115e-10	-0.0019371671	0.96108156	-0.22197288	0.043739673	-0.004310075	17.656118	1.2084866	40.0	0.9427454	0.012320716	35000	3611.109621524811
7	-5.0048194	2.290415	-0.4	-10.0	0.072289154	0.2589661	1.0	0.0	59.855423	149.0	0.003725	-1.8762547	1.4410874	1.2586656	-5.726185	0.0432049	0.062127754	0.39221653	-0.15462796	1.0199231e-09	-0.0005929948	2.1457672e-10	-0.0008526344	1.166414	-0.1997189	0.022673713	-0.0024051182	18.864605	0.79372406	79.0	0.92564374	0.007409893	40000	4133.546673297882
8	-5.4987183	2.5047388	-0.6	-10.0	0.051282052	0.22057244	1.0	0.0	64.01282	153.0	0.0034	-2.0697675	1.5327758	1.8521174	-5.9853773	0.026555581	0.047340907	0.2656767	-0.09906606	8.492134e-10	-0.0005332901	9.894371e-10	-0.00043330883	1.2343197	-0.18842888	0.015911978	-0.0024080044	19.658329	0.52663994	79.0	0.8807879	0.0074971146	45000	4650.228308916092
9	-5.1987653	2.2912335	-0.3	-10.0	0.037037037	0.18885258	1.0	0.0	61.62963	156.0	0.00312	-2.383382	1.6146841	1.4041274	-6.51192	0.015447101	0.03959624	0.21190247	-0.1072321	-1.0592096e-09	-0.0007263675	-2.8014183e-10	-0.00060690596	1.1805017	-0.10430789	0.008733116	-0.0015385388	20.184969	0.36797333	22.0	0.85113144	0.012520315	50000	5161.249799966812
10	-5.123457	2.1601481	-0.8	-10.0	0.049382716	0.21666579	1.0	0.0	61.148148	160.0	0.002909090909090909	-2.2645469	1.5399851	2.3655138	-6.6893077	0.01006778	0.026329353	0.1854529	-0.091521814	3.2621178e-10	-0.0011166165	-4.7683715e-11	-0.0012852047	1.026515	-0.1680584	0.019698102	-0.0020946097	20.552942	0.48208046	79.0	0.7881997	0.011688391	55000	5675.088627099991
11	-4.5101123	2.1705923	-0.7	-10.0	0.0	0.0	0.0	0.0	55.606743	160.0	0.0026666666666666666	-1.9407592	1.5442725	2.7616937	-6.874839	0.032284997	0.04639561	0.21941727	-0.10496719	1.5753504e-10	-0.0003213865	8.3148477e-10	-2.7555388e-05	1.027342	-0.26109886	0.0029173845	-0.0025836125	21.035023	0.00012207031	79.0	0.79062694	0.007686924	60000	6192.695027351379
12	-5.2337503	2.5570462	-0.9	-10.0	0.0375	0.18998355	1.0	0.0	61.825	163.0	0.0025076923076923076	-2.168981	1.5969102	1.7065215	-6.132982	0.0056882687	0.01962212	0.09644392	-0.04129919	-1.0215253e-09	-0.0006526768	-4.1723253e-10	-0.0006197891	1.1380557	-0.1516847	0.012058455	-0.0013562124	21.035145	0.27717018	79.0	0.80837744	0.0077702375	65000	6712.407361030579
13	-5.051852	2.0043848	-0.3	-10.0	0.037037037	0.18885258	1.0	0.0	60.975307	166.0	0.0023714285714285716	-2.2304223	1.6108267	2.5507815	-6.6734715	0.018683981	0.032917667	0.1757209	-0.08778577	4.733589e-10	-0.00050469476	1.1444092e-09	-0.0006039654	0.6245318	-0.14389235	0.01760519	-0.0020983964	21.312315	0.40741348	24.0	0.80117244	0.012714966	70000	7235.305644273758
14	-5.1462502	2.2014737	-0.4	-10.0	0.0125	0.111102425	1.0	0.0	61.775	167.0	0.0022266666666666667	-2.0151796	1.5694332	2.2997417	-5.9556484	0.029577395	0.063441575	0.26840684	-0.28947207	5.344066e-10	-0.0001577751	4.887581e-10	-1.8959225e-05	0.7512462	-0.117953956	0.008842263	-0.0027396968	21.719728	0.12446594	5.0	0.83984065	0.013128673	75000	7756.913517951965
15	-4.806977	2.10916	-1.0	-10.0	0.058139537	0.23400709	1.0	0.0	57.918606	172.0	0.00215	-2.2072492	1.599106	1.8969011	-6.16102	0.011152119	0.030396	0.14127965	-0.06258795	1.4894848e-09	-0.0013189379	8.9406965e-10	-0.0014398125	1.0431936	-0.24621016	0.017233307	-0.0040347883	21.844194	0.6340294	60.0	0.8348355	0.012072979	80000	8275.010335206985
16	-4.343478	1.9744731	-0.4	-8.2	0.02173913	0.14583051	1.0	0.0	54.195652	174.0	0.002047058823529412	-1.8126504	1.451172	1.8334392	-5.2228007	0.025137886	0.081154056	0.67517453	-0.08325017	-8.73523e-10	-0.00054512697	-6.705523e-10	-0.00027567745	0.6281694	-0.08887184	0.010773967	-0.0067377514	22.478224	0.32154083	79.0	0.8448434	0.008323656	85000	8758.225906848907
17	-4.4898877	1.8829839	-0.6	-8.9	0.04494382	0.20718078	1.0	0.0	55.52809	178.0	0.001977777777777778	-1.7667359	1.4228313	1.5022616	-5.0098944	0.005141755	0.022226004	0.24282326	-0.07826368	-6.281499e-11	-0.00078760507	4.1127204e-10	-0.0009128993	0.6896104	-0.06011665	0.02131487	-0.002897812	22.799765	0.53450966	44.0	0.84705967	0.012639003	90000	9177.317267656326
18	-4.1905265	1.9654957	-0.7	-10.0	0.031578947	0.17487632	1.0	0.0	52.326317	181.0	0.001905263157894737	-1.7803979	1.4177129	1.5975456	-4.9075236	0.021610519	0.04439946	0.18349229	-0.10076301	-7.9429185e-10	-0.001191938	-7.6293943e-10	-0.0017792762	0.669964	-0.0767439	0.012251444	-0.003687974	23.334274	0.45214844	6.0	0.8441209	0.019046258	95000	9599.169042110443
19	-4.6436777	2.2196975	-0.5	-10.0	0.011494253	0.106593326	1.0	0.0	56.804596	182.0	0.00182	-1.9155567	1.4567972	1.7152207	-4.8599257	0.008003294	0.031430192	0.3915915	-0.073352784	2.8192312e-10	1.7264912e-05	1.013279e-10	0.00011915242	0.9530875	-0.22243959	0.0042901915	-0.0008937388	23.786423	0.11421394	3.0	0.78269696	0.015823081	100000	10022.050349235535
20	-3.9545453	1.8976473	-0.6	-10.0	0.0	0.0	0.0	0.0	50.32323	182.0	0.0017333333333333333	-1.676786	1.4296037	1.2396435	-4.935723	0.006682709	0.028324494	0.27618334	-0.061062187	4.955227e-10	-0.00011005797	1.1324883e-10	6.0128004e-05	0.7111223	-0.10469216	0.00085308973	-0.0007292573	23.900637	-0.14727783	3.0	0.7983457	0.014164026	105000	10409.408534288406
21	-3.87767	1.6929283	-1.1	-10.0	0.14563107	0.352736	1.0	0.0	48.281555	197.0	0.0017909090909090908	-1.7887268	1.4667344	2.051207	-5.3606877	0.0013248301	0.014346539	0.09704484	-0.06887185	1.0196713e-09	-0.0010135263	1.0967255e-09	-0.0025745751	0.644588	-0.1825183	0.06991858	-0.022083338	23.753359	2.0541973	3.0	0.7887362	0.03561435	110000	10796.106225252151
22	-4.27957	1.88546	-0.5	-10.0	0.043010753	0.20288132	1.0	0.0	53.08602	201.0	0.0017478260869565217	-1.5058903	1.3739752	1.5054524	-5.0993996	0.07874882	0.110883616	0.53225213	-0.15627469	9.890108e-10	-0.00062687683	7.390976e-10	-0.0009788317	0.73346114	-0.2237212	0.027724633	-0.007712081	25.807556	1.1002522	6.0	0.78493905	0.017294027	115000	11181.40640115738
23	-4.1631584	1.8477898	-0.6	-8.7	0.021052632	0.14355981	1.0	0.0	52.4	203.0	0.0016916666666666666	-1.6633031	1.4401414	1.6267178	-5.2294645	0.039607268	0.05709325	0.25889245	-0.20028289	3.8450523e-10	-0.00023606191	2.384186e-10	-0.0007319214	0.49531582	-0.086042225	0.0156777	-0.005484407	26.907808	0.33454132	10.0	0.7952023	0.014671437	120000	11566.093323469162
24	-4.665517	1.8563855	-0.8	-10.0	0.0	0.0	0.0	0.0	57.402298	203.0	0.001624	-1.7288201	1.4296122	1.2972802	-6.0537004	0.014085189	0.04025644	0.55623645	-0.086430155	-9.315844e-10	-0.00013497361	-1.0848046e-09	5.215852e-05	0.49633047	-0.06555128	0.0021664451	-0.0013306635	27.24235	-0.112257004	5.0	0.820681	0.013454953	125000	11950.062547922134
25	-4.1697917	2.0456314	-0.8	-10.0	0.020833334	0.14282615	1.0	0.0	52.010418	205.0	0.0015769230769230769	-1.6880393	1.5011246	2.1539547	-5.2481675	0.0058122436	0.017335651	0.17813411	-0.1251893	-9.67821e-10	-0.00056194124	-1.2636184e-09	-0.00058545184	0.59908396	-0.081101775	0.008665864	-0.0006064819	27.130093	0.13816452	41.0	0.8492246	0.012393402	130000	12335.288099050522
26	-4.273118	1.9362496	-0.6	-10.0	0.0	0.0	0.0	0.0	53.494625	205.0	0.0015185185185185184	-1.8512846	1.6080859	1.3370773	-6.873151	0.012047219	0.02682241	0.13014932	-0.22377671	-5.7115562e-11	-0.0005297439	-4.172325e-11	-0.00034966366	0.5670359	-0.14719656	0.0007571494	-0.0006482904	27.268257	-0.13384819	79.0	0.8146788	0.009198787	135000	12720.76143336296
27	-3.5850465	1.774998	-0.5	-10.0	0.037383176	0.18969889	1.0	0.0	46.233646	209.0	0.0014928571428571428	-1.6092924	1.4554391	1.7393807	-4.9574413	-0.0016030235	0.0126998	0.20507312	-0.08404675	-1.5475679e-10	-0.0010998816	-6.556511e-11	-0.0016836211	0.49526465	-0.11812568	0.012023934	-0.0036771279	27.134409	0.44805145	18.0	0.8318425	0.0146582825	140000	13107.54735159874
28	-3.7893205	2.0954833	-0.5	-10.0	0.009708738	0.098053426	1.0	0.0	48.359222	210.0	0.0014482758620689654	-1.4888879	1.4498596	1.8318892	-5.5113406	0.0116738295	0.046054065	0.8494329	-0.077747926	-5.0312576e-10	-0.0010299309	-4.7683715e-11	-0.0014147456	0.6502051	-0.10066235	0.007257506	-0.0022085765	27.58246	0.13716888	11.0	0.7939453	0.018608648	145000	13493.453089475632
29	-3.979592	1.753769	-0.7	-8.9	0.030612245	0.17226474	1.0	0.0	50.459183	213.0	0.00142	-1.6424472	1.4881035	1.5380951	-5.09984	0.008539638	0.015236486	0.18328023	-0.116467655	-5.048104e-10	-0.00036762067	-7.748604e-11	-0.00048432237	0.44158012	-0.10272139	0.010448165	-0.0016909605	27.71963	0.3969612	16.0	0.7839057	0.012678712	150000	13879.375447273254
30	-4.4461536	2.1010885	-0.7	-10.0	0.06593407	0.24816681	1.0	0.0	54.857143	219.0	0.0014129032258064515	-1.8002089	1.6797214	1.5756073	-8.007739	0.019215101	0.053608634	0.72730863	-0.062580444	2.520121e-10	-0.00091912877	-4.7683715e-11	-0.0025728303	0.5506178	-0.10866892	0.036975734	-0.006550718	28.11659	1.2081032	3.0	0.784982	0.04756227	155000	14264.270418643951
31	-4.226596	2.1686928	-0.6	-10.0	0.0	0.0	0.0	0.0	52.79787	219.0	0.00136875	-1.7178022	1.6131213	1.6283426	-7.482175	0.037648834	0.04061374	0.6173826	-0.07949972	1.6016494e-09	-0.011815752	1.4156103e-09	-0.013063161	0.6933602	-0.13284576	0.0030310138	-0.0027896098	29.324694	0.11402893	10.0	0.78873897	0.03957166	160000	14648.279143095016
32	-4.552273	2.143541	-0.6	-10.0	0.0	0.0	0.0	0.0	56.272728	219.0	0.0013272727272727273	-1.6450663	1.4900446	1.5419134	-5.3270555	0.0012242188	0.011245687	0.03633036	-0.04342868	3.620154e-10	0.0002519723	-4.3585895e-11	2.4719884e-05	0.5714495	-0.15377021	0.00012362852	-5.6752855e-05	29.438723	-0.25665474	8.0	0.77102834	0.021876154	165000	15032.406142950058
33	-4.660919	2.2033076	-0.6	-10.0	0.011494253	0.10659333	1.0	0.0	57.103447	220.0	0.0012941176470588236	-1.8473794	1.6818436	1.5587093	-5.9754696	0.000107240274	0.010724038	0.08417319	-0.06623332	1.8735831e-10	-0.00019287324	2.3841857e-11	-7.667485e-05	0.7035764	-0.15162534	0.0070715584	-0.00050128717	29.182068	-0.03171158	79.0	0.771139	0.0056276605	170000	15418.701743125916
34	-4.2462363	1.9644451	-0.4	-10.0	0.0	0.0	0.0	0.0	53.225807	220.0	0.001257142857142857	-1.8214151	1.5383857	1.7384363	-5.958043	0.007985617	0.017214118	0.08897711	-0.049678586	1.7863679e-10	-0.00025929458	3.427267e-11	-3.493432e-05	0.41554013	-0.06783393	0.00033689782	-0.00027141225	29.150356	-0.22004128	79.0	0.7741509	0.008116058	175000	15810.588639497757
35	-4.4175825	2.2855299	-0.4	-10.0	0.0	0.0	0.0	0.0	54.57143	220.0	0.0012222222222222222	-1.8409203	1.5648322	1.2840801	-5.798254	0.0007945257	0.008531055	0.081765726	-0.02462832	5.42285e-10	-0.00010523892	-5.9604643e-12	2.1054864e-05	0.7891936	-0.13291723	7.594662e-05	-3.4686956e-05	28.930315	-0.2854576	5.0	0.71865207	0.013913257	180000	16272.59573173523
36	-4.425275	2.1699543	-0.7	-10.0	0.021978023	0.1466117	1.0	0.0	54.64835	222.0	0.0012	-2.0136228	1.816854	1.0863637	-8.4847145	-0.00019702667	0.007339936	0.046029434	-0.044545077	-1.9491303e-10	-0.0003971975	-6.854534e-11	-0.0002808551	0.931465	-0.27274	0.015722265	-0.004952533	28.644857	0.20184898	79.0	0.7424253	0.007968976	185000	16736.738355875015
37	-3.991919	2.0944698	-0.5	-10.0	0.02020202	0.14069079	1.0	0.0	50.474747	224.0	0.0011789473684210526	-1.6194347	1.5498172	1.7950902	-5.3344483	0.01633342	0.041027494	0.22475553	-0.092134975	-2.9741384e-10	-0.00041352818	-5.722046e-10	-0.0004059256	0.8034977	-0.24734706	0.008503823	-0.0021057269	28.846706	0.31502914	18.0	0.7411668	0.014664708	190000	17201.706295013428
38	-4.325	2.0344117	-0.5	-10.0	0.02173913	0.14583051	1.0	0.0	53.891304	226.0	0.001158974358974359	-1.9204301	1.5760888	1.7729325	-6.2374396	0.005180781	0.021906324	0.21073835	-0.067523934	4.2359133e-10	-0.00058622455	2.026558e-10	-0.00073446066	0.48335546	-0.10994068	0.014357868	-0.0023339735	29.161736	0.3527527	30.0	0.68926257	0.012407106	195000	17663.820686340332
39	-3.9363635	1.9670238	-0.5	-10.0	0.0	0.0	0.0	0.0	50.252525	226.0	0.00113	-1.6489514	1.4782414	1.3350472	-5.5467324	0.020618206	0.03886104	0.14899349	-0.26614836	-2.4290944e-10	-0.00034802078	-1.8328428e-10	-0.00014331748	0.4202243	-0.07314727	0.0018863344	-0.001696135	29.514488	-0.17485237	79.0	0.7055135	0.006171746	200000	18129.91131567955
40	-4.129166	2.0108516	-0.6	-10.0	0.010416667	0.1015291	1.0	0.0	51.947918	227.0	0.0011073170731707316	-1.6957521	1.5448285	2.052587	-5.4049296	0.0032319252	0.014505129	0.08163397	-0.05070115	4.0398082e-10	-0.00038224788	3.039837e-10	-0.00023642856	0.530141	-0.098439425	0.005577687	-0.00034882547	29.339636	-0.06814766	79.0	0.69283617	0.008315081	205000	18599.065882205963
41	-3.5777774	1.782026	-0.4	-10.0	0.083333336	0.2763854	1.0	0.0	45.962963	236.0	0.0011238095238095239	-1.5183094	1.4311627	1.7510512	-5.0057383	0.005210218	0.012547761	0.10265644	-0.04473016	1.2369185e-09	-0.0007761184	1.0967255e-09	-0.0017160875	0.40339473	-0.06061417	0.048134696	-0.010741875	29.271488	1.8595257	3.0	0.68265694	0.02664513	210000	19065.92366552353
42	-4.398889	1.8443003	-0.5	-10.0	0.011111111	0.104822	1.0	0.0	54.866665	237.0	0.0011023255813953489	-1.607436	1.4603773	1.4869729	-5.4405584	0.054936767	0.057456657	0.34801835	-0.14897269	-1.4056003e-09	-1.2498361e-05	-1.1444092e-09	-0.00024293312	0.37472555	-0.07512152	0.012450053	-0.0060897954	31.131014	0.5506382	7.0	0.67181516	0.017274017	215000	19527.033217191696
43	-4.096875	1.9156402	-0.4	-9.9	0.020833334	0.14282615	1.0	0.0	51.739582	239.0	0.0010863636363636364	-1.6604578	1.4711714	1.1117176	-5.1637797	0.0065049645	0.034769826	0.16659543	-0.11892014	1.3673439e-09	-0.0006034166	1.0251999e-09	-0.0005298756	0.41410488	-0.053382993	0.01583545	-0.0034369566	31.681652	0.29965973	16.0	0.686425	0.0129401125	220000	19998.582068920135
44	-3.5731485	1.8746656	-0.5	-10.0	0.046296295	0.21012601	1.0	0.0	46.22222	244.0	0.0010844444444444445	-1.4507897	1.4903247	1.4383034	-5.018858	0.014827399	0.049719512	0.21317738	-0.15518597	2.3900026e-09	-0.00029869197	2.3245812e-09	-0.0005643455	0.51667064	-0.087863624	0.031702083	-0.007575175	31.981312	1.0499496	9.0	0.70869035	0.012335897	225000	20468.975240707397
45	-3.9313133	1.8993165	-0.7	-10.0	0.01010101	0.099994905	1.0	0.0	49.979797	245.0	0.001065217391304348	-1.6081622	1.4587461	1.2978735	-6.355626	0.040582817	0.059797015	0.2646773	-0.15551569	6.0339167e-10	-0.0005243809	5.841255e-10	-0.00048786585	0.50573915	-0.12886184	0.0086383885	-0.0036648153	33.03126	0.27615356	79.0	0.6947233	0.011109724	230000	20934.2774810791
46	-3.8421571	1.7718073	-0.6	-10.0	0.029411765	0.16895771	1.0	0.0	48.990196	248.0	0.0010553191489361701	-1.4739647	1.4688708	1.5202087	-5.0870442	0.008078133	0.024504486	0.09686022	-0.06913976	-6.5589045e-10	-0.000291072	-7.987022e-10	-0.0007016808	0.5906298	-0.13622299	0.014543318	-0.0009336658	33.307415	0.54561996	6.0	0.6940647	0.017633814	235000	21400.721705913544
47	-4.3663044	2.05232	-0.7	-10.0	0.0	0.0	0.0	0.0	54.304348	248.0	0.0010333333333333334	-1.6744734	1.4356099	1.4355812	-5.6166787	0.01612518	0.027461888	0.14516684	-0.09106773	8.372756e-10	-0.00019250238	4.1127204e-10	-5.493297e-05	0.59094155	-0.18174917	0.0009556897	-0.0007096831	33.853035	-0.1363411	79.0	0.6775518	0.00623107	240000	21865.39289164543
48	-3.8739998	2.0057728	-0.6	-10.0	0.02	0.14	1.0	0.0	49.63	250.0	0.0010204081632653062	-1.6712723	1.5898924	1.6399351	-5.5163326	0.004118261	0.013186975	0.07527372	-0.042355396	1.9616995e-09	-0.0005032377	1.8954278e-09	-0.00045135073	0.46588692	-0.13630265	0.010711345	-0.00069917645	33.716694	0.20645523	79.0	0.6887136	0.008019273	245000	22329.973467826843
49	-3.9119997	2.3561952	-0.5	-10.0	0.02	0.14	1.0	0.0	49.46	252.0	0.001008	-1.5649602	1.416757	1.8534197	-5.6473527	0.009414833	0.027816901	0.15469073	-0.12085046	6.0595867e-10	-0.0004221308	5.90086e-10	-0.00053459	0.6344504	-0.16507265	0.008815472	-0.00055372156	33.92315	0.38295746	43.0	0.66534007	0.012569507	250000	22790.718069076538
50	-4.224731	2.1033335	-0.5	-10.0	0.0	0.0	0.0	0.0	53.010754	252.0	0.000988235294117647	-1.8894457	1.614673	2.0068007	-5.8479805	0.0103228055	0.021521868	0.14285068	-0.05686588	2.5671767e-10	-0.00021680312	3.5315753e-10	-5.0551942e-05	0.5032976	-0.113084376	0.0005768467	-0.0004754211	34.306107	-0.22798538	79.0	0.6450681	0.0048236563	255000	23254.53236413002
51	-3.7617648	1.8620591	-0.4	-10.0	0.009803922	0.098528214	1.0	0.0	48.401962	253.0	0.0009730769230769231	-1.5651151	1.5176494	1.618239	-5.6210756	0.0010874842	0.0122707775	0.09730607	-0.044574216	5.8512645e-10	-0.00037209602	4.2319298e-10	-0.00015606667	0.4154453	-0.108205885	0.0020812387	-0.00020159176	34.07812	-0.106487274	79.0	0.65925694	0.008377237	260000	23720.644862890244
52	-4.1631575	2.1306808	-0.6	-10.0	0.031578947	0.1748763	1.0	0.0	52.05263	256.0	0.0009660377358490566	-1.6258467	1.5033497	1.1665277	-5.5554357	0.0032915412	0.012642268	0.06855414	-0.026189469	-8.8897595e-10	-0.0002904825	-8.7022783e-10	-0.00095916947	0.6028334	-0.13570634	0.017577987	-0.0029521612	33.971634	0.68227005	4.0	0.6445927	0.018122148	265000	24186.733946561813
53	-4.0659795	1.8584378	-0.5	-10.0	0.0	0.0	0.0	0.0	51.43299	256.0	0.0009481481481481482	-1.720857	1.4998554	1.5488629	-6.126753	0.021883296	0.04535505	0.19958495	-0.14860688	1.9820044e-10	-0.00040576383	5.066395e-10	-0.00040997594	0.51626295	-0.14417836	0.0024498245	-0.0022829461	34.653904	-0.13277054	79.0	0.6378457	0.010447167	270000	24648.413596630096
54	-4.072165	2.0511873	-0.5	-10.0	0.0	0.0	0.0	0.0	51.494846	256.0	0.0009309090909090909	-1.656359	1.6368271	1.9765517	-5.998391	0.003177033	0.012974167	0.0852484	-0.040221497	-6.79338e-11	-0.00021097933	7.450581e-12	-3.9986928e-05	0.41815117	-0.08020559	0.00017893883	-0.0001185562	34.521133	-0.43128967	79.0	0.64973634	0.005663954	275000	25109.929689645767
55	-4.176842	2.1109965	-0.4	-10.0	0.0	0.0	0.0	0.0	52.42105	256.0	0.0009142857142857143	-1.7119828	1.5967528	1.1995323	-5.446594	-0.00072411407	0.007898815	0.0434042	-0.028890913	-1.0495465e-10	-0.00019474144	-1.08033416e-10	-9.8509345e-06	0.41663253	-0.05036035	6.546402e-05	-3.0598483e-05	34.089844	-0.44729233	79.0	0.6418698	0.004678307	280000	25552.49760723114
56	-3.7637258	1.855875	-0.4	-10.0	0.019607844	0.13864838	1.0	0.0	48.52941	258.0	0.0009052631578947368	-1.6332326	1.4888278	1.2049798	-5.3634496	0.0006976905	0.006018734	0.028538467	-0.020010645	3.0389144e-10	-0.00028941903	3.1292438e-10	-0.00049503543	0.39959204	-0.08484006	0.009711592	-0.00073545706	33.64255	0.23331451	8.0	0.66558594	0.01591423	285000	25973.592473745346
57	-3.807921	1.9975572	-0.6	-10.0	0.00990099	0.09900991	1.0	0.0	48.861385	259.0	0.0008931034482758621	-1.4897301	1.4740579	1.9218799	-5.306606	0.013643394	0.022625966	0.11614008	-0.107633494	2.8144423e-10	-0.00041305652	2.503395e-10	-0.00026500793	0.36671323	-0.05536878	0.006373877	-0.00082688173	33.875866	0.07980728	79.0	0.65276414	0.008960697	290000	26396.219809293747
58	-3.4513762	1.5902004	-0.9	-8.3	0.0	0.0	0.0	0.0	45.51376	259.0	0.0008779661016949153	-1.4022063	1.4153315	1.5226882	-5.513277	0.0070591597	0.015653022	0.11565993	-0.03726815	-4.2580317e-10	-0.00021722472	-2.4735927e-10	9.424702e-06	0.25979266	-0.05447887	0.0002959543	-0.00024339049	33.955673	-0.37963486	79.0	0.6403413	0.006108693	295000	26820.29280257225
59	-3.629245	1.8654236	-0.4	-10.0	0.018867925	0.13605855	1.0	0.0	46.981133	261.0	0.00087	-1.398309	1.3669192	1.3672694	-4.798946	0.0010053645	0.0076957033	0.04298309	-0.023987768	7.6433543e-10	-0.00058892724	6.7632644e-10	-0.0006619915	0.3313178	-0.0728932	0.015456135	-0.0031205583	33.57604	0.22235107	32.0	0.6262736	0.012057259	300000	27244.97873020172
60	-3.8356435	1.6129173	-0.7	-8.4	0.0	0.0	0.0	0.0	49.356434	261.0	0.0008557377049180328	-1.4833859	1.4904066	1.8675736	-6.7798185	0.018409666	0.047890477	0.29818693	-0.16034423	5.851228e-10	-0.00037313963	-2.384186e-10	-0.00021910475	0.2760953	-0.050843954	0.00259413	-0.0024860746	33.79839	-0.28734207	24.0	0.6176909	0.011219679	305000	27675.30549764633
61	-3.7115386	1.9140326	-0.5	-10.0	0.0	0.0	0.0	0.0	47.903847	261.0	0.0008419354838709677	-1.4671059	1.4226015	1.5040519	-5.0957265	0.0008074297	0.012842174	0.06344868	-0.09131415	-4.892734e-10	-0.00024985246	5.960465e-11	-3.6879657e-05	0.46116456	-0.121387124	0.00016259098	-0.00011376076	33.511047	-0.50738907	79.0	0.5971231	0.0058251624	310000	28104.76619386673
62	-3.5222223	1.7134724	-0.6	-8.6	0.037037037	0.1888526	1.0	0.0	45.814816	265.0	0.0008412698412698413	-1.4451522	1.4527397	1.2441508	-6.0388527	0.00022295554	0.006759095	0.033920866	-0.019341778	1.1278922e-09	-0.00051343505	7.748604e-10	-0.0014871961	0.39803284	-0.12112802	0.020398937	-0.0027860869	33.00366	0.9446182	2.0	0.63033426	0.03338106	315000	28528.324593305588
63	-3.84	1.9360785	-0.6	-10.0	0.0	0.0	0.0	0.0	49.29	265.0	0.000828125	-1.4971535	1.4324756	1.4991002	-5.7386518	0.021462157	0.044771988	0.15920122	-0.17785604	7.163378e-10	-0.00029970615	9.059906e-10	-0.00020598115	0.28105783	-0.055383176	0.002470551	-0.002421339	33.948277	-0.107673645	79.0	0.6135389	0.0070735384	320000	28955.011914491653
64	-3.755882	1.8347716	-0.6	-10.0	0.019607844	0.13864839	1.0	0.0	48.235294	267.0	0.0008215384615384615	-1.5099231	1.4484059	1.466405	-5.443067	8.216846e-05	0.008455387	0.05226223	-0.04231138	1.8085194e-10	-0.00024015272	1.0728836e-10	-0.00064210454	0.3347185	-0.066674024	0.012220427	-0.00092346966	33.840603	0.28063965	4.0	0.60943234	0.016827974	325000	29379.891246318817
65	-4.1114583	2.0012426	-0.5	-10.0	0.0	0.0	0.0	0.0	51.885418	267.0	0.000809090909090909	-1.5598644	1.4594203	1.7670959	-5.459188	0.011595062	0.021379502	0.12730761	-0.07454266	-6.48909e-10	-0.00023447818	-7.1823597e-10	-8.605669e-05	0.47564307	-0.10171941	0.00058573287	-0.00053233805	34.121243	-0.31645966	79.0	0.6037884	0.0069637694	330000	29805.41773891449
66	-3.8633664	1.7374002	-0.5	-10.0	0.01980198	0.13931929	1.0	0.0	49.19802	269.0	0.0008029850746268657	-1.533386	1.4598916	1.780243	-5.2697825	0.00044190287	0.0068986937	0.044974472	-0.02499676	4.269306e-10	-0.00021007347	7.0333483e-10	-0.0002875295	0.65480185	-0.24045867	0.008637447	-0.0006319769	33.804783	0.29664993	6.0	0.60413563	0.015117382	335000	30229.517495155334
67	-3.8435647	1.8134489	-0.8	-10.0	0.02970297	0.1697666	1.0	0.0	49.0	272.0	0.0008	-1.5489123	1.4478244	2.0660853	-5.1689544	0.010012346	0.020424299	0.09321945	-0.068875894	-1.4233995e-09	-0.00041679415	-1.0848046e-09	-0.0011511337	0.3267277	-0.09553863	0.016821371	-0.001859868	34.101433	0.96123123	3.0	0.5936213	0.02537097	340000	30655.880850076675
68	-3.9151516	1.7317221	-0.9	-10.0	0.0	0.0	0.0	0.0	50.040405	272.0	0.0007884057971014492	-1.4429139	1.4039993	1.3638754	-5.27213	0.018160537	0.03170902	0.14010057	-0.06280201	2.544958e-11	3.692196e-05	3.3080577e-10	-9.180801e-05	0.2875822	-0.080870375	0.0013192964	-0.0012485096	35.062664	-0.1951828	3.0	0.5547606	0.017866286	345000	31080.322628974915
69	-4.2191486	1.9965543	-0.5	-10.0	0.021276595	0.14430489	1.0	0.0	52.840427	274.0	0.0007828571428571429	-1.7238516	1.5739794	1.2193229	-5.3494744	0.0021330612	0.007917039	0.03627051	-0.020631589	-8.862392e-10	-0.00041769608	-7.4207784e-10	-0.0011120044	0.34105626	-0.07068199	0.012904786	-0.0016129203	34.86748	0.38203812	3.0	0.52292746	0.030374737	350000	31504.990543603897
70	-4.1114583	1.9764694	-0.8	-10.0	0.0	0.0	0.0	0.0	51.885418	274.0	0.000771830985915493	-1.6107407	1.4854708	1.4543253	-5.713631	0.012334735	0.03150645	0.122493476	-0.08640085	3.827966e-10	-0.0002370156	2.9355288e-10	-8.0447164e-05	0.32466757	-0.07536584	0.0011632751	-0.001109072	35.24952	-0.32396698	79.0	0.5243831	0.0063964594	355000	31931.80655026436
71	-4.1114583	2.1699593	-0.6	-10.0	0.0	0.0	0.0	0.0	51.65625	274.0	0.0007611111111111111	-1.6498742	1.6139431	1.4709845	-6.0315394	0.0036885268	0.022023216	0.15807968	-0.055495385	1.1206808e-10	-0.00017511801	2.026558e-10	-2.8428902e-05	0.48016626	-0.118406236	0.0004205496	-0.00020575705	34.925552	-0.60485077	79.0	0.5370747	0.004940726	360000	32360.553178071976
72	-3.7038832	1.706067	-0.7	-10.0	0.0	0.0	0.0	0.0	47.932037	274.0	0.0007506849315068494	-1.5176969	1.4996809	1.380324	-6.009069	-0.00032493644	0.0076757586	0.05685936	-0.07173765	3.3292993e-10	-0.00021612534	5.364418e-11	-1.1041501e-05	0.5596296	-0.2383756	5.789507e-05	-3.6782854e-05	34.3207	-0.62262726	79.0	0.55568826	0.0060619195	365000	32785.56162405014
73	-3.7631068	1.9110303	-0.4	-10.0	0.019417476	0.13798709	1.0	0.0	48.31068	276.0	0.000745945945945946	-1.4941373	1.4044689	1.8101145	-5.151516	0.0006259601	0.0050430936	0.021273661	-0.017434355	1.3655459e-09	-0.00016574956	1.3947486e-09	-0.00085199915	0.39970005	-0.100427985	0.012322099	-0.00063899904	33.698074	0.31636047	3.0	0.5529075	0.029663678	370000	33208.86433362961
74	-3.9575756	1.891613	-0.7	-10.0	0.0	0.0	0.0	0.0	50.464645	276.0	0.000736	-1.504479	1.4963982	1.3082758	-5.5942526	0.01691958	0.018889401	0.09247506	-0.03316931	-9.020406e-11	-0.00019908401	4.172325e-11	-6.003043e-05	0.3098105	-0.050308794	0.00064235437	-0.0006155657	34.014435	-0.37686157	79.0	0.52749217	0.004585253	375000	33630.403401613235
75	-4.0340204	1.9706552	-0.5	-10.0	0.0	0.0	0.0	0.0	51.113403	276.0	0.0007263157894736842	-1.6127588	1.5083506	1.4250103	-5.897245	-0.00034434124	0.00560195	0.019496046	-0.019539813	3.348128e-11	-0.00016315492	-5.2154062e-12	-5.3447666e-06	0.54081607	-0.11721343	3.1047046e-05	-1.1847078e-05	33.637573	-0.6536331	79.0	0.5375014	0.0049444837	380000	34056.06795978546
76	-3.8485153	2.0425966	-0.7	-10.0	0.0	0.0	0.0	0.0	49.267326	276.0	0.0007168831168831169	-1.6293073	1.5061074	1.7663325	-6.0306797	0.0005503522	0.004850542	0.027853174	-0.017400036	6.2818015e-11	-0.00019323209	-5.960465e-11	-5.8048427e-06	0.5245411	-0.14185637	2.3248904e-05	-7.773217e-06	32.98394	-0.6734314	79.0	0.5328426	0.004938258	385000	34480.265937805176
77	-3.8415842	1.620125	-0.9	-7.7	0.00990099	0.09900991	1.0	0.0	49.30693	277.0	0.0007102564102564103	-1.5714988	1.5196782	2.1118104	-5.226419	-0.00070674793	0.00398177	0.012872054	-0.01500784	-7.144648e-10	-0.0013108848	-4.768372e-10	-0.0016376296	0.3440476	-0.11555259	0.0062952805	-0.002062974	32.31051	-0.15310287	5.0	0.52591395	0.015566723	390000	34905.097626686096
78	-3.8156867	1.7381952	-0.5	-10.0	0.009803922	0.0985282	1.0	0.0	48.941177	278.0	0.0007037974683544304	-1.4723876	1.4022025	1.3295075	-5.1581526	0.010977455	0.0460842	0.4867868	-0.17421278	-1.1549803e-09	-0.00010567792	-9.477139e-10	-0.00030684425	0.28218466	-0.056086376	0.008516094	-0.0023752581	32.157406	-0.014225006	7.0	0.49039325	0.013340964	395000	35331.29046487808
79	-3.9949496	2.3080175	-0.8	-10.0	0.01010101	0.0999949	1.0	0.0	50.28283	279.0	0.0006975	-1.4001449	1.4449623	1.2373925	-5.4582615	0.009937482	0.014131569	0.082205586	-0.03843321	2.583579e-10	-0.00035052525	5.2452087e-10	-0.00034066508	0.93201995	-0.39805293	0.0068223733	-0.00089047616	32.14318	0.0017471313	66.0	0.48436454	0.012123055	400000	35754.24933862686
80	-4.0040817	1.8372515	-0.6	-10.0	0.0	0.0	0.0	0.0	50.92857	279.0	0.0006888888888888888	-1.6793412	1.5529022	1.6514595	-7.354109	0.007916551	0.024738042	0.1264998	-0.056498863	9.282896e-11	-8.2837476e-05	1.7285347e-10	-2.6625568e-05	0.5951977	-0.17451617	0.00067127426	-0.00062741	32.144928	-0.5511818	3.0	0.48328105	0.012410512	405000	36176.45243763924
81	-3.8760002	1.8631221	-0.4	-10.0	0.0	0.0	0.0	0.0	49.65	279.0	0.0006804878048780488	-1.6618402	1.4999447	1.4144853	-5.3864083	0.0014496645	0.010384121	0.09217423	-0.020272544	6.103619e-11	-0.00015124351	3.2782554e-11	-1.4252531e-05	0.5641613	-0.19041497	0.00010520632	-7.947043e-05	31.593746	-0.73235893	79.0	0.46580732	0.003181767	410000	36603.406468868256
82	-3.8888886	1.8865227	-0.4	-8.2	0.01010101	0.099994905	1.0	0.0	49.77778	280.0	0.0006746987951807229	-1.6458799	1.517223	1.3029907	-5.6205444	0.0002860203	0.00595296	0.03013243	-0.025637375	-2.3845748e-10	-0.00032289338	-5.304813e-10	-0.00030683758	0.3900831	-0.11708397	0.0066864486	-0.001126904	30.861387	-0.16291046	79.0	0.4505374	0.008292541	415000	37031.01724791527
83	-3.7307692	2.0470934	-0.4	-10.0	0.01923077	0.13733517	1.0	0.0	47.778847	282.0	0.0006714285714285714	-1.4960277	1.4573604	1.2272913	-5.585863	0.003927449	0.02244779	0.16909032	-0.05904765	-2.722407e-10	-0.0005105047	3.576279e-11	-0.00063260517	0.6258742	-0.1892317	0.010484602	-0.0015378445	30.698477	0.5491257	67.0	0.47934428	0.012330711	420000	37451.837725162506
84	-3.5682244	1.6308703	-0.5	-8.1	0.009345794	0.096220836	1.0	0.0	46.682243	283.0	0.0006658823529411765	-1.4801129	1.4912599	1.2279408	-5.7356443	0.010518354	0.02693197	0.14298964	-0.06480002	4.7505755e-10	-0.00025627544	1.7285347e-10	-0.00025010767	0.33982855	-0.11139828	0.008028351	-0.0015970403	31.247602	0.11343765	79.0	0.47654346	0.005254193	425000	37879.94281053543
85	-4.1526318	1.8554522	-0.7	-10.0	0.021052632	0.14355981	1.0	0.0	52.178947	285.0	0.0006627906976744186	-1.5877036	1.5151311	1.2296022	-5.995634	0.0121084675	0.03432701	0.24125913	-0.08422598	-5.732638e-10	-0.00032894567	-5.185604e-10	-0.00077953824	0.26159087	-0.042812943	0.009601474	-0.0018176534	31.36104	0.66311073	3.0	0.4969292	0.016936112	430000	38305.14897632599
86	-4.1884217	2.2152517	-0.5	-10.0	0.010526316	0.10205642	1.0	0.0	52.42105	286.0	0.0006574712643678161	-1.6636972	1.5270988	1.2440504	-5.9858837	0.011002964	0.018104197	0.12038146	-0.034939505	-3.23792e-10	-0.0002817993	-4.887581e-10	-0.00047828697	0.40518695	-0.09809607	0.005502555	-0.00086624175	32.02415	0.22398758	8.0	0.49312812	0.0127964	435000	38729.722160339355
87	-3.8495052	1.694991	-0.5	-8.9	0.0	0.0	0.0	0.0	49.49505	286.0	0.00065	-1.5529023	1.426514	1.1688598	-5.610248	0.006738861	0.018804293	0.15450808	-0.040051036	-1.04839054e-10	-0.00013709241	1.7285347e-10	-1.607622e-05	0.32455176	-0.07099599	0.00039773568	-0.00035388084	32.24814	-0.6276512	79.0	0.49599278	0.002974158	440000	39153.93298768997
88	-3.9765303	2.178082	-0.5	-10.0	0.0	0.0	0.0	0.0	50.42857	286.0	0.0006426966292134832	-1.6747355	1.6042573	1.2545856	-6.4169407	0.0005055482	0.0065224436	0.03322425	-0.024477452	1.5519055e-10	-0.00016253129	-2.0861625e-11	-1.325491e-06	0.37485152	-0.06780186	4.5052748e-05	-1.9505655e-05	31.620487	-0.8411045	79.0	0.4999709	0.005161541	445000	39580.52462506294
89	-3.7970295	1.5684675	-0.7	-8.2	0.0	0.0	0.0	0.0	48.9703	286.0	0.0006355555555555555	-1.4755021	1.4275086	0.91557485	-5.916063	-0.0003462617	0.0053259414	0.02902013	-0.021799386	-2.3364882e-10	-0.00012188527	-3.054738e-11	-4.33504e-06	0.24364883	-0.049666807	2.841084e-05	-1.1845439e-05	30.779383	-0.8554096	79.0	0.48161983	0.003342683	450000	40007.07669854164
90	-3.7567308	2.044964	-0.5	-10.0	0.009615385	0.09758549	1.0	0.0	48.03846	287.0	0.0006307692307692308	-1.4839534	1.4723266	1.2498572	-5.7776	-8.703968e-05	0.0049653235	0.034350287	-0.01866909	1.16237506e-10	-0.00046541353	1.5199185e-10	-0.0005553561	0.49244	-0.1831919	0.006983677	-0.0006227144	29.923973	-0.20435905	79.0	0.4910855	0.008538898	455000	40433.08256483078
91	-3.8643563	1.6927091	-0.5	-10.0	0.0	0.0	0.0	0.0	49.425743	287.0	0.0006239130434782608	-1.6196021	1.612825	1.7907761	-7.3184714	0.010471233	0.020868959	0.11665023	-0.044949025	-1.9494546e-10	-0.00015641708	-1.7583371e-10	-2.0937474e-05	0.5087961	-0.15141356	0.0005494441	-0.00052689033	29.719614	-0.7017822	79.0	0.46626896	0.0028619834	460000	40861.172397613525
92	-3.714423	1.9164981	-0.3	-10.0	0.009615385	0.09758549	1.0	0.0	47.826923	288.0	0.0006193548387096775	-1.5404593	1.4666778	1.3383822	-6.000763	-0.00097409275	0.0047585373	0.021276508	-0.0219777	3.8734496e-10	-0.00025256895	5.7816507e-10	-0.00013291977	0.56813323	-0.15441605	0.003361309	-0.0001235865	29.017832	-0.23597145	79.0	0.48244092	0.00535879	465000	41287.52202987671
93	-3.453211	1.6420825	-0.4	-7.0	0.0	0.0	0.0	0.0	45.53211	288.0	0.0006127659574468085	-1.4228919	1.44101	1.4498504	-6.629277	0.0042008427	0.007967993	0.04217167	-0.020516705	-2.1532517e-10	-0.00014843857	-3.7252902e-11	-4.7771737e-06	0.3279796	-0.1284033	8.175367e-05	-7.089318e-05	28.78186	-0.7363682	79.0	0.51463914	0.0033615616	470000	41712.94235301018
94	-3.7647061	1.7715423	-0.6	-10.0	0.0	0.0	0.0	0.0	48.539215	288.0	0.0006063157894736842	-1.4944808	1.4315633	1.6489964	-5.9639897	-0.0005375837	0.003992477	0.016290613	-0.018749699	-2.9415761e-10	-0.00017684433	8.195639e-12	6.264553e-06	0.44360048	-0.109372795	1.5557303e-05	-6.3141106e-06	28.045492	-0.9413338	79.0	0.48774293	0.0035039017	475000	42139.12574195862
95	-3.714423	1.867455	-0.5	-10.0	0.0	0.0	0.0	0.0	48.03846	288.0	0.0006	-1.4389416	1.5228456	1.5993617	-5.227604	-0.00010429377	0.0032507041	0.027396753	-0.026316326	-1.7050483e-10	-0.00015394118	-2.1979214e-11	-3.5794008e-06	0.305711	-0.07936399	1.0582331e-05	-3.4613313e-06	27.104158	-0.95946884	79.0	0.4686274	0.004298772	480000	42569.24323773384
96	-3.599057	1.656576	-0.6	-8.3	0.0	0.0	0.0	0.0	46.990566	288.0	0.0005938144329896907	-1.4380792	1.4517514	1.3476453	-5.5488997	6.988168e-05	0.0030723	0.013080202	-0.013475623	8.593382e-11	-9.2175076e-05	1.6763806e-12	7.4762756e-06	0.21200886	-0.041839525	9.43556e-06	-3.2042426e-06	26.14469	-0.9482517	2.0	0.459362	0.009328254	485000	42994.86738014221
97	-3.7145634	1.6666	-0.5	-8.1	0.03883495	0.19320147	1.0	0.0	47.82524	292.0	0.0005959183673469388	-1.4442313	1.4122297	1.1223295	-5.026744	3.7695314e-05	0.0026713668	0.017481033	-0.011206392	3.638118e-10	-0.0009332216	3.9339065e-10	-0.0017232185	0.2798098	-0.06502403	0.02532837	-0.008219067	25.196438	1.908886	2.0	0.45780474	0.027670361	490000	43421.58622956276
98	-3.7601943	1.7083656	-0.4	-10.0	0.009708738	0.09805343	1.0	0.0	48.495144	293.0	0.0005919191919191919	-1.5156531	1.3973409	0.9961679	-5.5369873	0.032358892	0.08116283	0.39906994	-0.1606971	1.0619363e-10	-0.00072273397	-2.9802322e-10	-0.0009454486	0.2828983	-0.082902536	0.014373294	-0.0075555015	27.105324	0.5695629	9.0	0.45601788	0.01880257	495000	43846.762461185455
99	-3.5719628	2.0981877	-0.3	-10.0	0.0	0.0	0.0	0.0	46.411217	293.0	0.000586	-1.4156241	1.4869815	1.5110362	-6.2028623	0.008417445	0.018871393	0.17352426	-0.08297162	1.3949905e-10	-0.00031006613	1.9967555e-10	-0.00013121993	0.60861754	-0.21362683	0.00042096982	-0.00037666652	27.674887	-0.76392174	69.0	0.4351298	0.012438067	500000	44274.594148397446
100	-3.8909998	1.8251079	-0.3	-8.2	0.03	0.17058721	1.0	0.0	49.69	296.0	0.0005861386138613861	-1.5866939	1.5656638	1.2202904	-6.8657413	0.0020670118	0.006513173	0.03557731	-0.037723266	-6.464537e-10	-0.0005954006	-7.2717665e-10	-0.0010242808	0.29520813	-0.09143147	0.019558115	-0.004182351	26.910965	1.3010445	7.0	0.43224877	0.017235607	505000	44702.340616464615
101	-3.859	1.6348145	-0.5	-8.8	0.0	0.0	0.0	0.0	49.59	296.0	0.0005803921568627451	-1.5177789	1.4547913	1.2128022	-5.192502	0.012915623	0.039867822	0.28163028	-0.059091173	-7.8012796e-10	-0.00036097172	-8.8214874e-10	-0.00022183986	0.254005	-0.050915018	0.0017778061	-0.0017432936	28.21201	-0.362051	79.0	0.4311157	0.0068088556	510000	45128.509831905365
102	-3.8207924	1.7671546	-0.4	-10.0	0.00990099	0.09900991	1.0	0.0	49.09901	297.0	0.0005766990291262136	-1.4807013	1.4539028	1.8208822	-5.39323	0.0013739405	0.007993247	0.06087324	-0.035996374	-2.656485e-10	-0.00036654677	-4.053116e-10	-0.00026278847	0.26432872	-0.051510036	0.00499904	-0.00033376785	27.849958	-0.2370224	79.0	0.45955104	0.008736493	515000	45555.6440820694
103	-3.7310677	1.7130017	-0.3	-10.0	0.0	0.0	0.0	0.0	48.203884	297.0	0.0005711538461538461	-1.5065123	1.5336329	1.1071451	-7.0675254	0.0054109367	0.015137886	0.07741921	-0.04263097	7.095163e-10	-0.00020664836	4.61936e-11	-5.226222e-05	0.2963242	-0.056358367	0.0002538314	-0.00023450382	27.612936	-0.82066154	79.0	0.44042745	0.003867806	520000	45979.91933584213
104	-3.5792453	1.7044734	-0.3	-8.7	0.0	0.0	0.0	0.0	46.792454	297.0	0.0005657142857142857	-1.3869367	1.4287492	1.2459837	-5.2527432	0.0010818604	0.0064612427	0.071801834	-0.0206295	2.013379e-10	-8.200594e-05	5.9604643e-12	1.5012442e-05	0.2645286	-0.06707144	4.292046e-05	-2.8088449e-05	26.792274	-1.0298138	2.0	0.4484835	0.007950861	525000	46404.14325237274
105	-3.4816508	1.7832127	-0.4	-8.1	0.0091743115	0.09534224	1.0	0.0	45.715595	298.0	0.0005622641509433963	-1.3746932	1.4534643	1.0827883	-4.8672385	0.0005616049	0.0044256966	0.027067836	-0.030816495	-3.0552214e-10	-0.00065909215	-8.046627e-11	-0.0008242466	0.29565537	-0.08062139	0.0051998193	-0.002025431	25.76246	-0.29984283	6.0	0.45487246	0.014203703	530000	46830.73345708847
106	-3.5256882	2.010678	-0.3	-10.0	0.018348623	0.13420859	1.0	0.0	45.85321	300.0	0.0005607476635514019	-1.407095	1.4387196	1.092189	-5.9385786	0.003470642	0.02454547	0.43877196	-0.123984195	1.2167216e-10	-0.0006920864	-6.67572e-10	-0.00089008646	0.47780675	-0.14269727	0.011517788	-0.0014072442	25.462618	0.6850357	41.0	0.44492847	0.012346118	535000	47256.34454035759
107	-3.4227276	1.5598752	-0.7	-6.7	0.009090909	0.094911896	1.0	0.0	45.127274	301.0	0.0005574074074074074	-1.3648605	1.4475765	1.4967847	-6.3043504	0.01768746	0.028021147	0.36988816	-0.07049371	-2.615708e-10	-0.0009471901	2.682209e-10	-0.0010882264	0.28442764	-0.08824031	0.0051830206	-0.0020284913	26.147654	0.122015	6.0	0.4336349	0.015906136	540000	47683.95417904854
108	-3.5672896	1.5985259	-0.5	-7.6	0.037383176	0.18969889	1.0	0.0	46.364487	305.0	0.0005596330275229358	-1.3387531	1.3909818	1.0489334	-4.822631	0.013037397	0.072533555	0.75008404	-0.029433412	9.76715e-12	-0.00094080233	1.6987324e-10	-0.0018012528	0.23800679	-0.042874128	0.027812226	-0.009991173	26.269669	2.2930222	2.0	0.40619674	0.030329438	545000	48110.93536686897
109	-4.056701	2.0176494	-0.4	-10.0	0.0	0.0	0.0	0.0	51.340206	305.0	0.0005545454545454546	-1.5226886	1.3951548	1.0958589	-5.1709323	0.032999232	0.06056727	0.31631714	-0.17466259	4.5451948e-10	-0.00019009263	3.6358833e-10	-0.00031183468	0.37258875	-0.09584147	0.0046314485	-0.0044979546	28.56269	-0.19546318	13.0	0.40203506	0.01425637	550000	48537.35549759865
110	-3.4688075	1.9995732	-0.5	-10.0	0.0091743115	0.09534224	1.0	0.0	45.385323	306.0	0.0005513513513513514	-1.4215895	1.5269995	1.1861573	-6.9396353	0.00097030716	0.0061545097	0.025731709	-0.03202959	-1.2981114e-09	-0.0002882425	-8.7320806e-10	-0.00025103253	0.59358656	-0.17415044	0.0077873426	-0.00305615	28.367228	-0.30581665	79.0	0.4093256	0.0051151006	555000	48965.99838018417
111	-3.7676475	1.8191338	-0.5	-8.3	0.0	0.0	0.0	0.0	48.67647	306.0	0.0005464285714285714	-1.4840851	1.4399529	1.2876835	-5.5270123	0.009038634	0.03422035	0.2545146	-0.07277891	-2.4041202e-10	-0.00015545667	-4.053116e-10	-0.000114889415	0.3762294	-0.093532056	0.0012518778	-0.0011874649	28.06141	-0.9068508	79.0	0.39367294	0.004019803	560000	49392.84936308861
112	-3.5783017	1.927654	-0.4	-8.3	0.0	0.0	0.0	0.0	46.78302	306.0	0.0005415929203539823	-1.4564584	1.4897618	0.93389547	-5.508388	-0.0016727108	0.0091847945	0.043876767	-0.060001977	-6.445721e-11	-0.0002009377	3.501773e-11	-2.6723437e-05	0.33954853	-0.06799999	8.7090826e-05	-6.4887725e-05	27.15456	-1.1563702	79.0	0.3946948	0.0029360196	565000	49822.805962085724
113	-3.7028568	1.9702771	-0.4	-10.0	0.03809524	0.19142622	1.0	0.0	47.609524	310.0	0.000543859649122807	-1.4898496	1.4357358	0.9686168	-5.155444	0.0010918438	0.0062516946	0.0521603	-0.025089098	-5.914872e-11	-0.00036040624	-2.7418137e-10	-0.0007710843	0.40585318	-0.08150157	0.01953053	-0.0036298465	25.99819	2.2010841	3.0	0.40701973	0.010128606	570000	50247.43456983566
114	-3.9565654	1.8168771	-0.5	-10.0	0.01010101	0.09999491	1.0	0.0	50.343433	311.0	0.0005408695652173913	-1.5036042	1.4237181	1.6155176	-5.271302	0.023718642	0.050053407	0.38219512	-0.1521858	-4.7776914e-11	-0.00034847207	4.1723253e-10	-0.0005056866	0.35656983	-0.07411352	0.0096028065	-0.0029122336	28.199274	0.6914959	42.0	0.38862967	0.012756996	575000	50672.14704346657
115	-3.5626168	1.6587646	-0.5	-8.6	0.0	0.0	0.0	0.0	46.626167	311.0	0.0005362068965517241	-1.4484166	1.4144344	1.2261716	-5.7585297	0.0060545867	0.030734621	0.101316705	-0.12154179	7.3844725e-10	-0.00034022616	2.6226044e-10	-0.00016976745	0.35465357	-0.10384467	0.0009813198	-0.00095944916	28.89077	-0.89932823	79.0	0.42023915	0.0049712732	580000	51098.4892449379
116	-3.569159	1.8307555	-0.3	-10.0	0.018691588	0.13543344	1.0	0.0	46.280373	313.0	0.000535042735042735	-1.3301289	1.3412844	0.8855628	-5.1517324	0.00029137539	0.0045574806	0.018665537	-0.019982137	-1.2660856e-09	-0.0004661739	-1.2636184e-09	-0.00038653906	0.4593327	-0.13961717	0.012829675	-0.0017566923	27.991442	0.5149765	79.0	0.41704276	0.007961482	585000	51523.842965364456
117	-3.7813728	1.7645046	-0.3	-10.0	0.019607844	0.13864839	1.0	0.0	48.598038	315.0	0.0005338983050847458	-1.5136335	1.4994411	1.3378649	-6.1462827	0.018759618	0.033561748	0.15836816	-0.063627936	3.8775003e-10	-0.00048176528	4.6491622e-10	-0.0008357959	0.49614277	-0.14960489	0.012039795	-0.0017104857	28.506418	1.0954437	10.0	0.39532998	0.015409303	590000	51950.16654133797
118	-3.775728	1.9512239	-0.6	-10.0	0.009708738	0.098053426	1.0	0.0	48.330097	316.0	0.00053109243697479	-1.5717477	1.6069522	1.0492052	-8.059679	0.016600087	0.029122096	0.14202063	-0.05891034	5.834879e-10	-0.00032021402	3.4868716e-10	-0.00041545616	0.7446516	-0.23632866	0.005206935	-0.0006632139	29.601862	0.23285103	55.0	0.39771202	0.012313513	595000	52375.78038716316
119	-3.7862747	1.7850709	-0.3	-10.0	0.0	0.0	0.0	0.0	48.7549	316.0	0.0005266666666666667	-1.5255097	1.4731282	1.1689929	-5.969899	0.009149882	0.017873172	0.082832396	-0.044355	7.3487405e-12	-0.00013480644	7.152558e-11	-1.7165989e-05	0.4182415	-0.10724887	0.00040259014	-0.00036829468	29.834713	-0.96188354	79.0	0.41452762	0.0021505198	600000	52804.357301712036
120	-3.8009903	1.7599223	-0.3	-10.0	0.0	0.0	0.0	0.0	48.90099	316.0	0.0005223140495867768	-1.5002917	1.4580921	1.1067545	-6.11859	-2.4428331e-05	0.005224111	0.02471215	-0.027145972	1.01714914e-10	-0.0001321466	3.091991e-11	-3.6192807e-06	0.37550238	-0.08812317	2.5487707e-05	-1.2184758e-05	28.87283	-1.2431908	79.0	0.39933947	0.0031244785	605000	53231.57307815552
121	-3.904	2.146575	-0.4	-10.0	0.01	0.099498756	1.0	0.0	49.82	317.0	0.000519672131147541	-1.6225244	1.5484949	1.1733164	-5.8494315	0.00039458403	0.0042397557	0.027716564	-0.013553237	-1.1871575e-10	-0.0005032717	3.576279e-11	-0.00048786978	0.5098835	-0.1251534	0.004152261	-0.00014529098	27.629639	-0.27903938	79.0	0.39437872	0.011422119	610000	53658.94456553459
122	-3.6198115	1.8411144	-0.6	-10.0	0.0	0.0	0.0	0.0	47.09434	317.0	0.0005154471544715448	-1.5297588	1.4605883	1.0584327	-6.1734457	0.003991072	0.007320435	0.023210812	-0.02361941	-1.0324425e-10	-0.00011742263	6.0349704e-11	-1.5493945e-06	0.35498232	-0.08593321	6.955119e-05	-6.1319115e-05	27.3506	-1.0077629	79.0	0.38643476	0.0024308045	615000	54085.8834540844
123	-3.8166664	1.8320718	-0.4	-10.0	0.029411765	0.16895771	1.0	0.0	48.735294	320.0	0.0005161290322580645	-1.458704	1.4482075	1.6130006	-5.8863883	0.000974419	0.004033795	0.0356826	-0.012454617	1.2202759e-09	-0.00069179956	1.2665987e-09	-0.00092776277	0.4689952	-0.13443774	0.013306941	-0.0009159399	26.342836	1.6363316	9.0	0.38964018	0.01630564	620000	54510.464794158936
124	-3.4888887	1.6086187	-0.4	-7.3	0.0	0.0	0.0	0.0	45.88889	320.0	0.000512	-1.3856641	1.4189074	1.4238873	-5.3636427	0.01666993	0.021527488	0.10749995	-0.044889413	1.4472123e-10	-0.00028734986	-1.7732382e-10	-0.00010826892	0.3643247	-0.07989225	0.00074201555	-0.0007253721	27.979168	-0.4791546	74.0	0.40403956	0.012201919	625000	54940.17477154732
125	-3.4669724	1.6407123	-0.4	-8.5	0.0091743115	0.09534224	1.0	0.0	45.568806	321.0	0.0005095238095238095	-1.3369246	1.3034127	1.0939369	-5.0507092	0.00026183104	0.004082391	0.01895895	-0.028086355	4.9670507e-11	-0.00034995188	-1.7881394e-11	-0.000327589	0.3411152	-0.07120755	0.0059178434	-0.0002091797	27.500013	-0.36074638	79.0	0.37804747	0.008783458	630000	55366.83260560036
126	-3.7264707	1.8046741	-0.5	-10.0	0.0	0.0	0.0	0.0	48.04902	321.0	0.000505511811023622	-1.5098388	1.4814334	1.9348863	-5.8403897	0.008823773	0.012586189	0.049317695	-0.020305298	-1.7893735e-10	-7.718153e-05	-2.786517e-10	8.611086e-06	0.59044445	-0.22851369	0.00022545543	-0.00020591944	27.139267	-1.0494556	2.0	0.3601175	0.0064313128	635000	55792.04139137268
127	-3.6438096	1.8151177	-0.4	-10.0	0.00952381	0.09712419	1.0	0.0	47.333332	322.0	0.000503125	-1.4461455	1.5550683	1.0107533	-7.0449634	0.00015555086	0.0035412563	0.016734121	-0.019721175	-2.7319863e-10	-0.00019651855	1.5497208e-10	-0.00011012374	0.45948336	-0.17472872	0.0028924702	-0.00024266727	26.089811	-0.35244942	79.0	0.34524962	0.0027773934	640000	56218.842856407166
128	-3.4651377	1.6320401	-0.5	-8.4	0.0	0.0	0.0	0.0	45.651375	322.0	0.0004992248062015504	-1.4056112	1.3575315	1.2504563	-7.113521	0.004344485	0.013521532	0.099285655	-0.028868916	4.0694217e-10	-0.00018754743	-2.1457672e-10	-3.0141384e-05	0.32457626	-0.082864106	0.00020203274	-0.00019394042	25.737362	-1.0999107	79.0	0.35788065	0.0033104508	645000	56644.95911240578
129	-3.5915093	1.5467628	-0.5	-8.8	0.0	0.0	0.0	0.0	46.915092	322.0	0.0004953846153846154	-1.3082559	1.338279	1.1156379	-5.4355745	9.51459e-05	0.003064509	0.022025403	-0.00797889	2.4737027e-11	-0.00015279479	-6.193295e-12	-2.255222e-06	0.35863286	-0.06461391	9.402845e-06	-4.4897834e-06	24.637451	-1.3942776	79.0	0.3522902	0.0022023446	650000	57065.58781337738
130	-3.5175922	1.9492081	-0.3	-10.0	0.0	0.0	0.0	0.0	46.074074	322.0	0.0004916030534351145	-1.3512671	1.4295615	1.3250227	-5.651926	-0.00021159713	0.0034873995	0.015963048	-0.020207033	6.75487e-11	-0.00021536261	3.352761e-11	-1.9930214e-06	0.3853473	-0.11035219	1.2204463e-05	-6.2912663e-06	23.243174	-1.4219856	79.0	0.35187435	0.002971106	655000	57469.99751162529
131	-3.754902	1.7611619	-0.5	-8.2	0.0	0.0	0.0	0.0	48.54902	322.0	0.0004878787878787879	-1.4442706	1.4265093	1.5382	-5.4276958	-0.00031310512	0.0019315287	0.016360614	-0.0068365214	-3.8392015e-11	-0.0002113412	1.2293458e-11	-1.3491815e-06	0.31596455	-0.057283968	3.8274925e-06	-1.0317883e-06	21.821188	-1.4358654	79.0	0.3468227	0.002784835	660000	57874.06803560257
132	-3.5504675	1.6601639	-0.4	-7.6	0.0	0.0	0.0	0.0	46.504673	322.0	0.00048421052631578945	-1.4477552	1.3577119	1.106093	-5.121924	0.00020442004	0.0019328442	0.010200793	-0.012749879	6.0826494e-10	-0.00025814062	1.8626452e-12	9.454001e-07	0.31638125	-0.07538247	3.7745097e-06	-1.0960205e-06	20.385323	-1.458313	79.0	0.3373413	0.0035664293	665000	58279.645515203476
133	-3.4954126	1.777504	-0.3	-10.0	0.0091743115	0.09534224	1.0	0.0	45.752293	323.0	0.00048208955223880595	-1.3893774	1.427599	1.1506552	-5.719404	-0.00012814028	0.0018979448	0.014618854	-0.0070500793	3.9919807e-11	-0.00033911277	-1.192093e-10	-0.0004147413	0.3313598	-0.054784328	0.0046441047	-0.00034214836	18.92701	-0.40005684	79.0	0.34473	0.0038187958	670000	58685.012412548065
134	-3.5719624	1.9211462	-0.4	-10.0	0.009345794	0.096220836	1.0	0.0	46.51402	324.0	0.00048	-1.3887289	1.3936349	1.0651066	-5.7257214	0.0032496986	0.014233473	0.087364286	-0.05031284	4.9355064e-10	-0.00030773997	6.437302e-10	-0.00023708412	0.37636682	-0.09071615	0.006916252	-0.0009830678	18.526953	-0.11346626	79.0	0.34258172	0.0033377823	675000	59090.360221624374
135	-3.533333	1.7192267	-0.4	-8.0	0.018518519	0.13481687	1.0	0.0	46.12963	326.0	0.00047941176470588234	-1.4149005	1.4119966	1.7343822	-5.6069684	0.004702534	0.021435127	0.14084293	-0.05609166	1.1119706e-09	-0.0004642174	1.1205673e-09	-0.0005065935	0.28746548	-0.0627493	0.0108377915	-0.0037932466	18.413486	0.96232224	22.0	0.35358354	0.012214085	680000	59493.96427965164
136	-3.6685712	1.8628864	-0.3	-10.0	0.00952381	0.09712419	1.0	0.0	47.47619	327.0	0.00047737226277372264	-1.3955057	1.4092	1.0782036	-5.8057566	0.02292027	0.054766096	0.4305334	-0.09115748	-1.2507213e-09	-0.00043584462	-1.5318393e-09	-0.00060630456	0.42024335	-0.08822554	0.011376895	-0.0041207257	19.375809	0.2513218	79.0	0.35614574	0.012004132	685000	59899.746411561966
137	-3.6657143	1.5591712	-0.3	-8.1	0.01904762	0.13669239	1.0	0.0	47.44762	329.0	0.0004768115942028985	-1.4465032	1.4404812	1.1076216	-5.1361156	0.046592534	0.04848794	0.3912861	-0.039623	-2.0274398e-09	-0.0006441837	-2.1696092e-09	-0.00082318654	0.3270707	-0.07828058	0.014780597	-0.008749679	19.62713	1.0743046	21.0	0.35242814	0.016093396	690000	60305.65935397148
138	-3.885	1.7456446	-0.3	-8.4	0.0	0.0	0.0	0.0	49.85	329.0	0.0004733812949640288	-1.4566357	1.384836	1.2605174	-5.2041574	0.013670398	0.052918945	0.8046758	-0.044701442	-6.3010397e-10	-0.0005289598	-5.9604643e-10	-0.00071104366	0.3664961	-0.08353618	0.0029897164	-0.0029780169	20.701435	-0.89800644	8.0	0.35616675	0.017408172	695000	60710.64970326424
139	-3.4098213	1.745042	-0.5	-10.0	0.0625	0.24206147	1.0	0.0	44.3125	336.0	0.00048	-1.3866922	1.380142	0.9840675	-5.5308747	-0.00010898893	0.0038199006	0.0209401	-0.014651353	1.8818027e-09	-0.0005298383	2.670288e-09	-0.0011168392	0.3893588	-0.087560445	0.023641385	-0.005060751	19.803429	5.1445007	2.0	0.3779959	0.019141166	700000	61116.42096328735
140	-3.3353984	1.7809672	-0.3	-10.0	0.0088495575	0.093654916	1.0	0.0	44.15929	337.0	0.00047801418439716314	-1.2703959	1.2760198	1.1104823	-5.5583777	0.022661626	0.046733126	0.63972783	-0.10536728	-1.3310498e-09	-0.00049977016	-9.715557e-10	-0.00071376184	0.5377374	-0.20862904	0.0058829705	-0.0024105152	24.94793	1.2998466	33.0	0.38261172	0.012858243	705000	61521.93800139427
141	-3.4108102	1.7089247	-0.4	-8.9	0.009009009	0.094487295	1.0	0.0	45.00901	338.0	0.000476056338028169	-1.3570858	1.459734	1.0663079	-5.6508236	0.0045702425	0.010435922	0.057024527	-0.023522917	6.6375455e-10	-0.0004107514	5.364418e-10	-0.00047460257	0.41693857	-0.13420206	0.0036858323	-0.0002932744	26.247776	-0.10455704	79.0	0.4225876	0.011743911	710000	61926.98459124565
142	-3.467273	1.6937913	-0.4	-10.0	0.018181818	0.13360852	1.0	0.0	45.372726	340.0	0.00047552447552447555	-1.4376973	1.3140095	2.0428007	-6.081817	0.0044674845	0.015216891	0.19637212	-0.022978222	2.7453692e-10	-0.0005406572	-1.16229054e-10	-0.0004971292	0.4565045	-0.1280334	0.007383259	-0.00041539548	26.143219	0.7848091	79.0	0.42030275	0.008751491	715000	62333.08709859848
143	-3.3785713	1.6649983	-0.3	-7.6	0.017857144	0.13243213	1.0	0.0	44.589287	342.0	0.000475	-1.3322207	1.41593	1.0735574	-6.0233693	0.010169725	0.025650823	0.5339816	-0.035379533	-1.0071495e-09	-0.00035732437	-1.0728836e-09	-0.0006077421	0.3545376	-0.12057772	0.010481777	-0.00073856674	26.928028	1.0271282	12.0	0.38944256	0.014871105	720000	62739.41579437256
144	-3.7553396	1.7802438	-0.3	-10.0	0.0	0.0	0.0	0.0	48.4466	342.0	0.00047172413793103446	-1.4434422	1.4595355	1.2669098	-5.4357934	0.012523747	0.02336995	0.19782685	-0.04188793	-1.03962436e-10	-0.0009438329	-1.2814999e-10	-0.0010201092	0.3557694	-0.10925199	0.00068736786	-0.00065563805	27.955156	-0.8053303	72.0	0.41735497	0.016058672	725000	63144.0762424469
145	-3.781373	1.9039551	-0.3	-10.0	0.0	0.0	0.0	0.0	48.705883	342.0	0.0004684931506849315	-1.4564624	1.4230112	1.3484547	-5.598516	0.00013524533	0.0053479355	0.038707763	-0.03531625	2.9361577e-10	-0.00016685102	-3.2782554e-11	2.820295e-06	0.3884586	-0.12291312	2.8168488e-05	-1.4239214e-05	27.149826	-1.3390274	79.0	0.4021794	0.0032604176	730000	63533.51801252365
146	-3.4063635	1.547272	-0.4	-7.6	0.0	0.0	0.0	0.0	45.063637	342.0	0.0004653061224489796	-1.3639541	1.4489053	0.9661163	-6.603044	-0.00032411903	0.0031650024	0.024860162	-0.0139914425	-1.14813735e-10	-0.00016277922	1.0058284e-11	1.7905857e-06	0.2802605	-0.08077368	1.011255e-05	-3.8007015e-06	25.810799	-1.3713837	79.0	0.39043817	0.0030509578	735000	63923.83149313927
147	-3.3123896	1.6295465	-0.4	-8.2	0.0088495575	0.093654916	1.0	0.0	44.02655	343.0	0.00046351351351351354	-1.2458854	1.3299367	1.123227	-4.9955325	0.00012378846	0.0026975246	0.02280687	-0.018199256	4.5426257e-10	-0.00022460477	3.6358833e-10	-3.857922e-05	0.33019918	-0.0826122	0.0024613352	-7.8612706e-05	24.439415	-0.44936752	79.0	0.38693896	0.004052172	740000	64313.150794267654
148	-3.8959994	1.8301867	-0.4	-10.0	0.0	0.0	0.0	0.0	49.85	343.0	0.0004604026845637584	-1.4949874	1.4582504	1.169593	-5.884667	0.0019260563	0.00560223	0.0724572	-0.015772693	-2.8379726e-10	-0.00014894464	-8.493662e-11	1.4787748e-06	0.48126268	-0.13094833	3.508652e-05	-2.8344239e-05	23.990047	-1.1449566	79.0	0.3679561	0.0024972013	745000	64702.52903795242
149	-3.4309094	1.7484406	-0.4	-8.9	0.0	0.0	0.0	0.0	45.30909	343.0	0.00045733333333333335	-1.3731416	1.4379364	1.9550118	-5.1839247	-0.0001181535	0.0026790043	0.036801018	-0.01237574	-2.6737576e-10	-0.00018011122	-3.2782554e-11	2.0644889e-07	0.35354576	-0.118844196	7.088898e-06	-3.0763986e-06	22.84509	-1.4269047	79.0	0.3798071	0.0024550976	750000	65093.444100379944
